0.05,7.296,1.321204,2.393479,0.2261196,0.03757847,-0.9600992,0.1602107
0.1,7.283801,1.321293,2.401377,0.2261042,0.03757597,-0.9601029,0.1602101
0.15,7.273165,1.321368,2.408192,0.2260678,0.03757005,-0.960112,0.1602087
0.2,7.260176,1.321455,2.416429,0.2259946,0.03755812,-0.9601302,0.1602059
0.25,7.251924,1.321509,2.421612,0.2259317,0.03754789,-0.9601457,0.1602035
0.3,7.237881,1.321597,2.430344,0.2257958,0.03752575,-0.9601794,0.1601983
0.35,7.22963,1.321646,2.435423,0.2256991,0.03751,-0.9602034,0.1601946
0.4,7.215588,1.321726,2.44398,0.2255059,0.03747855,-0.9602512,0.1601872
0.45,7.207339,1.321771,2.448956,0.2253758,0.03745736,-0.9602835,0.1601822
0.5000001,7.193305,1.321845,2.457335,0.2251265,0.03741676,-0.9603451,0.1601726
0.5500001,7.185052,1.321886,2.462212,0.2249635,0.03739021,-0.9603854,0.1601663
0.6000001,7.171023,1.321952,2.470419,0.2246587,0.03734058,-0.9604607,0.1601546
0.6500001,7.162773,1.321989,2.475196,0.2244633,0.03730876,-0.9605088,0.1601471
0.7000001,7.148748,1.322049,2.483232,0.2241039,0.03725025,-0.9605973,0.1601332
0.7500001,7.140501,1.322081,2.487908,0.2238767,0.03721325,-0.9606532,0.1601244
0.8000001,7.126482,1.322134,2.495775,0.2234637,0.037146,-0.9607546,0.1601085
0.8500001,7.118239,1.322163,2.500353,0.2232052,0.03710391,-0.9608181,0.1600984
0.9000002,7.104227,1.32221,2.508052,0.2227394,0.03702806,-0.9609321,0.1600804
0.9500002,7.095988,1.322235,2.512532,0.22245,0.03698094,-0.9610027,0.1600691
1,7.081984,1.322275,2.520065,0.2219323,0.03689662,-0.9611291,0.160049
1.05,7.07375,1.322296,2.524448,0.2216126,0.03684457,-0.9612069,0.1600365
1.1,7.059755,1.32233,2.531817,0.2210438,0.03675194,-0.9613451,0.1600143
1.15,7.051526,1.322348,2.536103,0.2206943,0.03669504,-0.9614298,0.1600006
1.2,7.037541,1.322375,2.54331,0.2200752,0.03659422,-0.9615796,0.1599763
1.25,7.029319,1.32239,2.547502,0.2196964,0.03653255,-0.9616711,0.1599614
1.3,7.015345,1.322411,2.554547,0.2190279,0.03642368,-0.961832,0.1599351
1.35,7.007129,1.322422,2.558645,0.2186204,0.03635732,-0.9619299,0.159919
1.4,6.993166,1.322438,2.565531,0.2179033,0.03624056,-0.9621018,0.1598907
1.45,6.984958,1.322446,2.569535,0.2174675,0.03616958,-0.9622059,0.1598734
1.5,6.971008,1.322455,2.576265,0.2167027,0.03604504,-0.9623882,0.159843
1.55,6.962807,1.32246,2.580177,0.216239,0.03596954,-0.9624983,0.1598245
1.6,6.948872,1.322464,2.58675,0.2154274,0.03583737,-0.9626906,0.159792
1.649999,6.94068,1.322465,2.59057,0.2149364,0.03575741,-0.9628066,0.1597724
1.699999,6.926759,1.322464,2.596989,0.2140787,0.03561774,-0.9630086,0.1597379
1.749999,6.918575,1.322462,2.60072,0.2135609,0.03553341,-0.9631301,0.159717
1.799999,6.90467,1.322455,2.606986,0.212658,0.03538639,-0.9633414,0.1596806
1.849999,6.896497,1.32245,2.610627,0.2121138,0.03529777,-0.9634682,0.1596585
1.899999,6.882609,1.322439,2.616743,0.2111666,0.03514352,-0.9636883,0.15962
1.949999,6.874445,1.32243,2.620296,0.2105966,0.03505069,-0.9638202,0.1595967
1.999999,6.860575,1.322414,2.626262,0.2096058,0.03488935,-0.9640487,0.1595562
2.049999,6.852422,1.322403,2.629727,0.2090105,0.0347924,-0.9641855,0.1595318
2.099999,6.838571,1.322381,2.635546,0.207977,0.03462411,-0.9644221,0.1594892
2.149999,6.83043,1.322368,2.638926,0.2073568,0.0345231,-0.9645634,0.1594636
2.199999,6.816598,1.322341,2.644598,0.2062815,0.03434799,-0.9648076,0.1594191
2.249999,6.808469,1.322325,2.647892,0.2056369,0.03424301,-0.9649534,0.1593923
2.299999,6.794658,1.322294,2.65342,0.2045206,0.03406122,-0.9652047,0.1593457
2.349999,6.786542,1.322275,2.65663,0.2038521,0.03395236,-0.9653546,0.1593177
2.399999,6.772753,1.32224,2.662015,0.2026956,0.03376402,-0.9656126,0.1592691
2.449999,6.764649,1.322218,2.665141,0.2020038,0.03365135,-0.9657663,0.1592399
2.499999,6.750884,1.322178,2.670386,0.200808,0.03345661,-0.9660309,0.1591893
2.549999,6.742795,1.322154,2.673429,0.2000933,0.03334022,-0.9661881,0.159159
2.599999,6.729053,1.32211,2.678535,0.1988589,0.0331392,-0.9664585,0.1591063
2.649999,6.720977,1.322083,2.681497,0.1981218,0.03301916,-0.9666192,0.1590748
2.699999,6.70726,1.322035,2.686464,0.1968499,0.03281201,-0.966895,0.1590202
2.749999,6.699199,1.322006,2.689346,0.1960909,0.03268841,-0.9670589,0.1589875
2.799999,6.685508,1.321955,2.694177,0.1947822,0.03247527,-0.9673398,0.1589308
2.849998,6.677463,1.321923,2.69698,0.1940018,0.03234818,-0.9675064,0.1588969
2.899998,6.663799,1.321868,2.701677,0.1926572,0.03212919,-0.967792,0.1588382
2.949998,6.65577,1.321834,2.7044,0.1918559,0.03199869,-0.9679613,0.1588031
2.999998,6.642134,1.321775,2.708964,0.1904761,0.03177398,-0.968251,0.1587425
3.049998,6.634121,1.321739,2.71161,0.1896545,0.03164017,-0.9684227,0.1587062
3.099998,6.620513,1.321677,2.716043,0.1882406,0.03140989,-0.9687163,0.1586435
3.149998,6.612518,1.321639,2.718613,0.1873991,0.03127284,-0.96889,0.158606
3.199998,6.59894,1.321573,2.722917,0.1859518,0.03103712,-0.9691869,0.1585413
3.249998,6.590964,1.321534,2.72541,0.1850909,0.03089692,-0.9693625,0.1585027
3.299998,6.577375,1.321465,2.729599,0.1836066,0.03065517,-0.9696633,0.1584358
3.349998,6.569458,1.321423,2.732006,0.1827315,0.03051264,-0.9698396,0.1583962
3.399998,6.555902,1.321351,2.736068,0.1812154,0.03026572,-0.970143,0.1583273
3.449998,6.548004,1.321308,2.738401,0.1803221,0.03012022,-0.9703206,0.1582865
3.499998,6.53448,1.321233,2.742338,0.1787753,0.02986828,-0.9706262,0.1582156
3.549998,6.526601,1.321188,2.744599,0.1778642,0.02971989,-0.9708049,0.1581736
3.599998,6.513112,1.32111,2.748413,0.1762874,0.02946308,-0.9711121,0.1581007
3.649998,6.505253,1.321064,2.750602,0.1753592,0.02931189,-0.9712918,0.1580576
3.699998,6.491798,1.320983,2.754295,0.1737534,0.02905034,-0.9716004,0.1579827
3.749998,6.483961,1.320935,2.756414,0.1728085,0.02889644,-0.9717807,0.1579385
3.799998,6.470542,1.320852,2.759987,0.1711745,0.02863031,-0.9720901,0.1578616
3.849998,6.462726,1.320802,2.762036,0.1702134,0.02847377,-0.9722708,0.1578161
3.899997,6.449344,1.320717,2.765491,0.1685523,0.0282032,-0.9725809,0.1577373
3.949997,6.441549,1.320666,2.767472,0.1675756,0.02804412,-0.9727618,0.1576907
3.999997,6.428206,1.320578,2.77081,0.1658882,0.02776926,-0.973072,0.1576099
4.049997,6.420434,1.320526,2.772724,0.1648964,0.02760772,-0.9732529,0.1575622
4.099998,6.407129,1.320436,2.775947,0.1631836,0.02732872,-0.9735627,0.1574795
4.149998,6.39938,1.320383,2.777794,0.1621772,0.02716481,-0.9737434,0.1574306
4.199998,6.386115,1.320291,2.780904,0.1604399,0.02688182,-0.9740527,0.1573459
4.249998,6.378389,1.320237,2.782685,0.1594196,0.02671562,-0.9742329,0.157296
4.299998,6.365165,1.320143,2.785684,0.1576587,0.0264288,-0.9745412,0.1572094
4.349998,6.357464,1.320088,2.7874,0.1566249,0.0262604,-0.9747206,0.1571583
4.399999,6.344282,1.319993,2.790289,0.1548414,0.02596989,-0.9750276,0.1570698
4.449999,6.336606,1.319937,2.791942,0.1537947,0.02579939,-0.9752061,0.1570176
4.499999,6.323467,1.31984,2.794722,0.1519896,0.02550534,-0.9755114,0.1569272
4.549999,6.315816,1.319782,2.796313,0.1509305,0.02533283,-0.9756889,0.1568739
4.599999,6.302721,1.319684,2.798987,0.1491047,0.0250354,-0.9759921,0.1567816
4.65,6.295095,1.319626,2.800515,0.1480338,0.02486096,-0.9761683,0.1567272
4.7,6.282046,1.319527,2.803084,0.1461881,0.02456031,-0.9764691,0.1566331
4.75,6.274447,1.319468,2.804552,0.145106,0.02438403,-0.9766437,0.1565777
4.8,6.261443,1.319367,2.807018,0.1432415,0.02408031,-0.9769419,0.1564818
4.85,6.253871,1.319308,2.808426,0.1421487,0.02390229,-0.9771149,0.1564253
4.900001,6.240915,1.319206,2.81079,0.1402664,0.02359565,-0.97741,0.1563275
4.950001,6.233371,1.319147,2.81214,0.1391635,0.02341598,-0.9775811,0.15627
5.000001,6.220462,1.319044,2.814404,0.1372642,0.02310659,-0.9778729,0.1561705
5.050001,6.212946,1.318984,2.815695,0.1361517,0.02292535,-0.978042,0.156112
5.100001,6.200087,1.31888,2.817861,0.1342366,0.02261337,-0.9783301,0.1560107
5.150002,6.1926,1.31882,2.819096,0.1331151,0.02243067,-0.978497,0.1559512
5.200002,6.17979,1.318716,2.821165,0.1311851,0.02211625,-0.9787812,0.1558482
5.250002,6.172333,1.318655,2.822344,0.1300552,0.02193217,-0.9789458,0.1557877
5.300002,6.159574,1.318551,2.824318,0.1281112,0.02161547,-0.9792258,0.155683
5.350002,6.152147,1.31849,2.825442,0.1269734,0.02143011,-0.9793878,0.1556215
5.400002,6.13944,1.318385,2.827322,0.1250165,0.0211113,-0.9796633,0.1555153
5.450003,6.132044,1.318324,2.828393,0.1238714,0.02092476,-0.9798226,0.1554528
5.500003,6.11939,1.318219,2.830182,0.1219025,0.02060399,-0.9800934,0.1553449
5.550003,6.112024,1.318158,2.831199,0.1207508,0.02041635,-0.9802499,0.1552815
5.600003,6.099425,1.318053,2.832898,0.118771,0.0200938,-0.9805158,0.1551721
5.650003,6.092091,1.317992,2.833863,0.1176132,0.01990516,-0.9806694,0.1551078
5.700004,6.079546,1.317887,2.835474,0.1156233,0.01958098,-0.9809301,0.1549969
5.750004,6.072246,1.317826,2.836388,0.11446,0.01939144,-0.9810805,0.1549317
5.800004,6.059757,1.317721,2.837912,0.1124612,0.0190658,-0.9813358,0.1548193
5.850004,6.052489,1.31766,2.838776,0.1112929,0.01887546,-0.9814831,0.1547533
5.900004,6.040057,1.317556,2.840215,0.1092862,0.01854851,-0.9817327,0.1546394
5.950005,6.032823,1.317496,2.84103,0.1081136,0.01835746,-0.9818766,0.1545725
6.000005,6.020449,1.317392,2.842386,0.1061,0.01802938,-0.9821205,0.1544573
6.050005,6.013248,1.317332,2.843152,0.1049236,0.01783771,-0.982261,0.1543897
6.100005,6.000934,1.317229,2.844426,0.1029041,0.01750867,-0.9824989,0.1542731
6.150005,5.993768,1.317169,2.845146,0.1017246,0.01731648,-0.9826358,0.1542047
6.200006,5.981513,1.317067,2.84634,0.09970011,0.01698663,-0.9828675,0.1540868
6.250006,5.974383,1.317008,2.847013,0.09851804,0.01679403,-0.9830009,0.1540177
6.300006,5.96219,1.316907,2.848129,0.09648973,0.01646354,-0.9832262,0.1538985
6.350006,5.955095,1.316848,2.848757,0.09530568,0.01627062,-0.9833559,0.1538287
6.400006,5.942964,1.316748,2.849796,0.09327453,0.01593966,-0.9835749,0.1537084
6.450006,5.935906,1.31669,2.85038,0.09208912,0.01574652,-0.9837007,0.1536379
6.500007,5.923837,1.316591,2.851343,0.09005614,0.01541526,-0.9839131,0.1535165
6.550007,5.916816,1.316534,2.851884,0.08886999,0.01522198,-0.984035,0.1534454
6.600007,5.904812,1.316436,2.852774,0.08683618,0.01489059,-0.9842407,0.1533229
6.650007,5.897829,1.31638,2.853273,0.08564987,0.01469728,-0.9843588,0.1532512
6.700007,5.885889,1.316284,2.854091,0.0836163,0.01436592,-0.9845577,0.1531277
6.750008,5.878944,1.316229,2.854548,0.08243044,0.01417269,-0.9846718,0.1530554
6.800008,5.867071,1.316134,2.855297,0.08039814,0.01384152,-0.9848638,0.152931
6.850008,5.860165,1.31608,2.855713,0.07921331,0.01364846,-0.9849738,0.1528582
6.900008,5.848359,1.315987,2.856394,0.07718329,0.01331766,-0.9851589,0.152733
6.950008,5.841492,1.315934,2.856771,0.0760001,0.01312486,-0.9852648,0.1526597
7.000009,5.829753,1.315843,2.857384,0.07397344,0.01279461,-0.9854429,0.1525336
7.050009,5.822927,1.315791,2.857723,0.07279247,0.01260216,-0.9855447,0.1524599
7.100009,5.811257,1.315702,2.858271,0.07077012,0.01227261,-0.9857157,0.1523331
7.150009,5.804471,1.315651,2.858572,0.06959204,0.01208063,-0.9858135,0.152259
7.200009,5.792872,1.315565,2.859057,0.0675751,0.01175195,-0.9859774,0.1521315
7.25001,5.786128,1.315515,2.859322,0.06640042,0.01156052,-0.986071,0.152057
7.30001,5.774599,1.315431,2.859745,0.06438991,0.01123289,-0.9862278,0.151929
7.35001,5.767896,1.315383,2.859974,0.06321926,0.01104212,-0.9863172,0.1518542
7.40001,5.756441,1.315302,2.860336,0.06121618,0.01071569,-0.9864669,0.1517257
7.45001,5.749779,1.315255,2.860531,0.0600502,0.01052568,-0.9865522,0.1516506
7.50001,5.738396,1.315176,2.860836,0.05805561,0.01020062,-0.9866948,0.1515217
7.550011,5.731779,1.315131,2.860996,0.05689485,0.01001146,-0.986776,0.1514464
7.600011,5.72047,1.315055,2.861244,0.05490975,0.009687949,-0.9869114,0.1513171
7.650011,5.713895,1.315011,2.861372,0.05375481,0.009499731,-0.9869884,0.1512416
7.700011,5.702662,1.314938,2.861565,0.05178025,0.009177935,-0.9871169,0.1511121
7.750011,5.696131,1.314896,2.861661,0.05063177,0.008990765,-0.9871898,0.1510365
7.800012,5.684974,1.314826,2.8618,0.04866873,0.008670841,-0.9873112,0.1509068
7.850012,5.678488,1.314786,2.861866,0.04752728,0.008484812,-0.9873799,0.1508311
7.900012,5.667407,1.314719,2.861953,0.04557681,0.008166934,-0.9874944,0.1507013
7.950012,5.660966,1.314681,2.861989,0.04444298,0.007982145,-0.9875591,0.1506256
8.000012,5.649964,1.314617,2.862026,0.04250608,0.007666475,-0.9876667,0.1504958
8.050013,5.643569,1.314581,2.862034,0.04138048,0.007483026,-0.9877274,0.1504201
8.100013,5.632647,1.314521,2.862022,0.03945816,0.007169725,-0.9878282,0.1502903
8.150013,5.626298,1.314487,2.862002,0.03834139,0.006987711,-0.987885,0.1502147
8.200013,5.615455,1.31443,2.861943,0.03643467,0.00667695,-0.9879789,0.1500851
8.250013,5.609154,1.314398,2.861896,0.03532725,0.006496459,-0.9880318,0.1500096
8.300014,5.598392,1.314345,2.861793,0.03343717,0.006188403,-0.9881192,0.1498803
8.350014,5.592138,1.314315,2.861719,0.03233976,0.006009537,-0.9881682,0.149805
8.400014,5.581458,1.314266,2.861572,0.03046728,0.005704349,-0.9882491,0.1496761
8.450014,5.575253,1.314239,2.861474,0.02938042,0.005527205,-0.9882944,0.149601
8.500014,5.564656,1.314194,2.861285,0.02752657,0.00522505,-0.9883688,0.1494725
8.550014,5.558499,1.314169,2.861163,0.02645087,0.005049718,-0.9884104,0.1493977
8.600015,5.547986,1.314128,2.860934,0.02461663,0.00475075,-0.9884786,0.1492697
8.650015,5.541879,1.314105,2.860789,0.02355267,0.004577335,-0.9885166,0.1491953
8.700015,5.531451,1.314069,2.860522,0.02173902,0.00428172,-0.9885787,0.149068
8.750015,5.525393,1.314049,2.860354,0.02068734,0.004110303,-0.9886131,0.1489939
8.800015,5.515052,1.314016,2.86005,0.01889529,0.003818205,-0.9886692,0.1488674
8.850016,5.509045,1.313999,2.859862,0.01785651,0.003648887,-0.9887003,0.1487938
8.900016,5.498791,1.313971,2.859522,0.01608702,0.003360464,-0.9887506,0.148668
8.950016,5.492835,1.313957,2.859314,0.0150617,0.003193333,-0.9887782,0.148595
9.000016,5.482668,1.313934,2.858941,0.01331577,0.00290875,-0.9888229,0.1484702
9.050016,5.476764,1.313922,2.858713,0.01230448,0.002743906,-0.9888474,0.1483977
9.100017,5.466687,1.313904,2.858308,0.01058309,0.002463316,-0.9888867,0.1482739
9.150017,5.460835,1.313895,2.858063,0.009586365,0.002300846,-0.9889079,0.148202
9.200017,5.450848,1.313882,2.857627,0.007890479,0.002024408,-0.9889419,0.1480794
9.250017,5.445049,1.313876,2.857365,0.006908902,0.001864407,-0.9889602,0.1480082
9.300017,5.435153,1.313868,2.856901,0.005239464,0.00159228,-0.9889891,0.1478868
9.350018,5.429408,1.313865,2.856622,0.004273634,0.001434842,-0.9890046,0.1478164
9.400018,5.419604,1.313862,2.856131,0.002631635,0.00116718,-0.9890286,0.1476963
9.450018,5.413913,1.313862,2.855837,0.001682077,0.001012395,-0.9890412,0.1476267
9.500018,5.404202,1.313865,2.855321,6.845917E-05,0.0007493558,-0.9890606,0.1475081
9.550018,5.398565,1.313868,2.855013,-0.0008642768,0.0005973098,-0.9890705,0.1474393
9.600019,5.388948,1.313876,2.854473,-0.00244856,0.0003390533,-0.9890855,0.1473222
9.650019,5.383367,1.313882,2.854151,-0.003363909,0.0001898392,-0.9890929,0.1472544
9.700019,5.373845,1.313897,2.853589,-0.00491791,-6.348627E-05,-0.9891036,0.147139
9.750019,5.36832,1.313906,2.853256,-0.00581531,-0.0002097758,-0.9891087,0.1470722
9.800019,5.358894,1.313926,2.852674,-0.007338086,-0.0004580115,-0.9891153,0.1469585
9.850019,5.353425,1.313939,2.852329,-0.008217008,-0.000601292,-0.9891181,0.1468927
9.90002,5.344096,1.313965,2.851727,-0.009707619,-0.0008442873,-0.989121,0.1467809
9.95002,5.338684,1.313982,2.851372,-0.01056752,-0.0009844669,-0.9891217,0.1467163
10.00002,5.329453,1.314014,2.850754,-0.012025,-0.001222068,-0.9891211,0.1466064
10.05002,4.966818,1.3212,2.821671,-0.0501527,-0.00743821,-0.9883336,0.143618
10.10002,4.959641,1.32153,2.821386,-0.05014665,-0.007437347,-0.9883343,0.1436155
10.15002,4.954745,1.321723,2.821335,-0.05013592,-0.007435818,-0.9883355,0.143611
10.20002,4.947239,1.321974,2.821463,-0.05010992,-0.00743211,-0.9883384,0.1436002
10.25002,4.942125,1.322115,2.821685,-0.05008603,-0.007428702,-0.9883411,0.1435903
10.30002,4.934295,1.322288,2.822217,-0.05004049,-0.007422207,-0.9883462,0.1435715
10.35002,4.928967,1.322379,2.822705,-0.05000371,-0.007416962,-0.9883503,0.1435563
10.40002,4.920823,1.322478,2.823634,-0.04993906,-0.007407741,-0.9883575,0.1435295
10.45002,4.915282,1.32252,2.824384,-0.04988964,-0.007400691,-0.988363,0.143509
10.50002,4.906825,1.322547,2.8257,-0.04980626,-0.0073888,-0.9883723,0.1434744
10.55002,4.901078,1.322541,2.826705,-0.04974447,-0.007379987,-0.9883792,0.1434488
10.60002,4.892315,1.322497,2.8284,-0.04964278,-0.007365484,-0.9883906,0.1434067
10.65002,4.886365,1.322445,2.829655,-0.04956889,-0.007354946,-0.9883987,0.1433761
10.70002,4.877301,1.322333,2.831721,-0.04944929,-0.007337888,-0.9884121,0.1433265
10.75002,4.871153,1.322237,2.833221,-0.04936358,-0.007325664,-0.9884216,0.143291
10.80002,4.861794,1.322059,2.835649,-0.04922647,-0.007306108,-0.9884368,0.1432342
10.85002,4.855451,1.32192,2.837388,-0.04912921,-0.007292238,-0.9884476,0.1431939
10.90002,4.845802,1.321679,2.840169,-0.04897499,-0.007270241,-0.9884647,0.14313
10.95002,4.839269,1.321497,2.842142,-0.04886645,-0.007254761,-0.9884767,0.143085
11.00002,4.829336,1.321195,2.845268,-0.04869552,-0.007230383,-0.9884956,0.1430142
11.05002,4.822615,1.320973,2.847468,-0.04857596,-0.007213331,-0.9885087,0.1429646
11.10002,4.812405,1.320611,2.850931,-0.04838874,-0.007186628,-0.9885293,0.142887
11.15002,4.8055,1.320351,2.853354,-0.04825844,-0.007168045,-0.9885436,0.142833
11.20002,4.795018,1.319933,2.857145,-0.04805531,-0.007139075,-0.9885659,0.1427488
11.25002,4.787933,1.319635,2.859784,-0.04791455,-0.007118998,-0.9885813,0.1426905
11.30002,4.777184,1.319162,2.863896,-0.04769593,-0.007087818,-0.9886052,0.1425998
11.35003,4.769923,1.318828,2.866745,-0.04754495,-0.007066285,-0.9886216,0.1425372
11.40003,4.758914,1.318303,2.871168,-0.04731125,-0.007032953,-0.988647,0.1424403
11.45003,4.751481,1.317935,2.874223,-0.04715034,-0.007010003,-0.9886645,0.1423736
11.50003,4.740217,1.317359,2.878949,-0.04690194,-0.006974576,-0.9886913,0.1422706
11.55003,4.732615,1.316958,2.882203,-0.04673137,-0.006950248,-0.9887098,0.1421998
11.60003,4.721101,1.316334,2.887224,-0.04646869,-0.006912784,-0.9887381,0.1420909
11.65003,4.713335,1.315902,2.890671,-0.04628872,-0.006887115,-0.9887575,0.1420162
11.70003,4.701577,1.315232,2.895979,-0.04601217,-0.006847672,-0.9887871,0.1419015
11.75003,4.693651,1.31477,2.899615,-0.04582306,-0.006820701,-0.9888074,0.1418231
11.80003,4.681655,1.314057,2.9052,-0.04553303,-0.006779335,-0.9888383,0.1417027
11.85003,4.673571,1.313566,2.909019,-0.04533507,-0.006751101,-0.9888594,0.1416206
11.90003,4.661344,1.312811,2.914874,-0.04503196,-0.006707871,-0.9888915,0.1414948
11.95003,4.653107,1.312294,2.918869,-0.04482541,-0.006678412,-0.9889134,0.1414091
12.00003,4.640653,1.3115,2.924985,-0.04450964,-0.006633376,-0.9889466,0.141278
12.05003,4.632266,1.310957,2.929152,-0.04429477,-0.006602729,-0.9889692,0.1411888
12.10003,4.619591,1.310126,2.93552,-0.04396673,-0.006555943,-0.9890037,0.1410526
12.15003,4.611059,1.30956,2.939853,-0.04374381,-0.006524148,-0.9890269,0.1409601
12.20003,4.598168,1.308693,2.946465,-0.04340391,-0.006475671,-0.9890622,0.140819
12.25003,4.589494,1.308104,2.950958,-0.04317321,-0.006442767,-0.9890862,0.1407232
12.30003,4.576395,1.307206,2.957806,-0.04282185,-0.006392655,-0.9891226,0.1405772
12.35003,4.567583,1.306596,2.962453,-0.04258364,-0.006358679,-0.9891471,0.1404783
12.40003,4.554279,1.305666,2.969529,-0.04222123,-0.006306991,-0.9891844,0.1403278
12.45003,4.545333,1.305037,2.974325,-0.04197577,-0.006271982,-0.9892095,0.1402258
12.50003,4.531831,1.30408,2.981619,-0.04160272,-0.006218775,-0.9892476,0.1400708
12.55003,4.522756,1.303432,2.986559,-0.04135029,-0.006182772,-0.9892733,0.1399659
12.60003,4.509027,1.302446,2.994082,-0.04096603,-0.006127967,-0.9893121,0.1398062
12.65003,4.499859,1.301784,2.999141,-0.04070786,-0.006091144,-0.9893382,0.1396989
12.70003,4.485943,1.300775,3.006866,-0.04031374,-0.006034932,-0.9893778,0.1395351
12.75003,4.476652,1.300098,3.012056,-0.04004915,-0.005997195,-0.9894043,0.1394251
12.80003,4.462554,1.299067,3.019976,-0.03964557,-0.005939634,-0.9894445,0.1392573
12.85003,4.453146,1.298377,3.025292,-0.03937484,-0.005901021,-0.9894713,0.1391447
12.90003,4.438872,1.297326,3.033397,-0.03896221,-0.005842169,-0.9895121,0.1389731
12.95003,4.429349,1.296624,3.038833,-0.03868561,-0.005802719,-0.9895394,0.1388581
13.00003,4.414906,1.295556,3.047116,-0.03826433,-0.005742633,-0.9895806,0.1386829
13.05003,4.405271,1.294843,3.052666,-0.03798214,-0.005702384,-0.9896082,0.1385655
13.10003,4.390663,1.29376,3.061118,-0.03755261,-0.005641122,-0.98965,0.1383867
13.15003,4.380922,1.293038,3.066777,-0.03726508,-0.005600113,-0.9896778,0.1382671
13.20003,4.366155,1.291943,3.075389,-0.03682772,-0.005537733,-0.9897199,0.1380851
13.25003,4.35631,1.291213,3.081152,-0.03653514,-0.005496002,-0.989748,0.1379633
13.30003,4.341391,1.290107,3.089916,-0.03609035,-0.005432563,-0.9897905,0.1377781
13.35003,4.331446,1.289371,3.095777,-0.03579297,-0.005390149,-0.9898188,0.1376543
13.40003,4.31638,1.288257,3.104683,-0.03534115,-0.005325708,-0.9898615,0.1374662
13.45003,4.30634,1.287516,3.110636,-0.03503925,-0.005282647,-0.9898899,0.1373405
13.50003,4.291131,1.286396,3.119678,-0.03458082,-0.005217263,-0.9899328,0.1371495
13.55003,4.280999,1.285652,3.125718,-0.03427466,-0.005173596,-0.9899613,0.137022
13.60003,4.265656,1.284528,3.134886,-0.03381003,-0.005107325,-0.9900045,0.1368284
13.65003,4.255435,1.283782,3.141007,-0.03349988,-0.00506309,-0.990033,0.1366992
13.70003,4.239961,1.282656,3.150293,-0.03302944,-0.004995991,-0.9900763,0.1365031
13.75003,4.229657,1.28191,3.156489,-0.03271559,-0.004951227,-0.9901049,0.1363723
13.80003,4.214058,1.280785,3.165885,-0.03223975,-0.004883359,-0.9901482,0.136174
13.85003,4.203673,1.28004,3.172151,-0.03192246,-0.004838103,-0.9901769,0.1360417
13.90003,4.187956,1.278917,3.181648,-0.03144163,-0.004769523,-0.9902201,0.1358412
13.95004,4.177494,1.278175,3.187978,-0.03112116,-0.004723815,-0.9902488,0.1357076
14.00004,4.161664,1.277058,3.197567,-0.03063575,-0.004654581,-0.990292,0.1355051
14.05004,4.151129,1.276319,3.203957,-0.03031238,-0.004608458,-0.9903206,0.1353702
14.10004,4.135192,1.275209,3.21363,-0.0298228,-0.00453863,-0.9903637,0.1351659
14.15004,4.124587,1.274476,3.220072,-0.02949678,-0.004492131,-0.9903921,0.1350299
14.20004,4.108548,1.273376,3.229821,-0.02900344,-0.004421765,-0.9904351,0.134824
14.25004,4.097878,1.27265,3.236311,-0.02867507,-0.004374929,-0.9904636,0.134687
14.30004,4.081744,1.271561,3.246127,-0.02817836,-0.004304083,-0.9905063,0.1344796
14.35004,4.071012,1.270844,3.252659,-0.0278479,-0.00425695,-0.9905345,0.1343416
14.40004,4.054788,1.269769,3.262534,-0.02734824,-0.004185683,-0.990577,0.134133
14.45004,4.043998,1.269061,3.269102,-0.02701595,-0.004138288,-0.9906051,0.1339942
14.50004,4.027689,1.268003,3.279027,-0.02651375,-0.00406666,-0.9906474,0.1337844
14.55004,4.016845,1.267307,3.285625,-0.02617992,-0.004019044,-0.9906753,0.133645
14.60004,4.000458,1.266267,3.295593,-0.02567559,-0.003947111,-0.9907172,0.1334343
14.65004,3.989564,1.265583,3.302216,-0.02534047,-0.003899313,-0.9907448,0.1332942
14.70004,3.973103,1.264564,3.312217,-0.02483441,-0.003827132,-0.9907863,0.1330827
14.75004,3.962162,1.263895,3.31886,-0.02449829,-0.003779191,-0.9908138,0.1329422
14.80004,3.945635,1.262898,3.328886,-0.02399091,-0.003706823,-0.9908549,0.1327301
14.85004,3.934652,1.262245,3.335542,-0.02365404,-0.003658775,-0.990882,0.1325893
14.90004,3.918062,1.261273,3.345585,-0.02314575,-0.003586276,-0.9909227,0.1323767
14.95004,3.90704,1.260637,3.35225,-0.02280842,-0.003538162,-0.9909495,0.1322356
15.00004,3.890395,1.259693,3.362301,-0.02229963,-0.003465593,-0.9909897,0.1320228
15.05004,3.879337,1.259076,3.368968,-0.0219621,-0.00341745,-0.9910163,0.1318815
15.10004,3.862642,1.25816,3.379018,-0.02145322,-0.003344867,-0.991056,0.1316686
15.15004,3.851553,1.257564,3.385682,-0.02111577,-0.003296735,-0.9910821,0.1315274
15.20004,3.834814,1.25668,3.395724,-0.0206072,-0.003224196,-0.9911213,0.1313145
15.25004,3.823697,1.256105,3.402379,-0.02027009,-0.003176113,-0.991147,0.1311734
15.30004,3.806919,1.255256,3.412404,-0.01976225,-0.003103678,-0.9911857,0.1309608
15.35004,3.795779,1.254704,3.419045,-0.01942576,-0.003055683,-0.9912111,0.1308199
15.40004,3.778967,1.25389,3.429044,-0.01891905,-0.00298341,-0.9912491,0.1306076
15.45004,3.767807,1.253363,3.435665,-0.01858344,-0.00293554,-0.9912741,0.1304671
15.50004,3.750968,1.252588,3.44563,-0.01807827,-0.002863487,-0.9913116,0.1302554
15.55004,3.739792,1.252087,3.452226,-0.01774382,-0.002815782,-0.991336,0.1301153
15.60004,3.722932,1.251352,3.462148,-0.0172406,-0.002744006,-0.9913728,0.1299044
15.65004,3.711743,1.250879,3.468713,-0.01690758,-0.002696506,-0.9913969,0.1297648
15.70004,3.694867,1.250187,3.478584,-0.01640672,-0.002625067,-0.991433,0.1295549
15.75004,3.68367,1.249743,3.485112,-0.0160754,-0.002577808,-0.9914567,0.129416
15.80004,3.666784,1.249096,3.494924,-0.0155773,-0.002506762,-0.9914921,0.1292071
15.85004,3.655581,1.248682,3.50141,-0.01524795,-0.002459786,-0.9915154,0.129069
15.90004,3.638833,1.248087,3.511072,-0.01475718,-0.002389784,-0.9915497,0.1288632
15.95004,3.627487,1.247701,3.517591,-0.01442592,-0.002342535,-0.9915727,0.1287242
16.00004,3.612907,1.247224,3.52594,-0.01400164,-0.002282018,-0.9916021,0.1285462
16.05004,2.588148,1.3212,3.907883,0.006249471,0.0006065742,-0.9927518,0.1200191
16.10004,2.586897,1.321547,3.907819,0.006249162,0.0006065296,-0.9927518,0.1200191
16.15004,2.586151,1.321754,3.90778,0.006248686,0.0006064605,-0.9927518,0.1200192
16.20004,2.586151,1.321754,3.90778,0.006248686,0.0006064605,-0.9927518,0.1200192
16.25004,2.586151,1.321754,3.90778,0.006248686,0.0006064605,-0.9927518,0.1200192
16.30004,2.586151,1.321754,3.90778,0.006248686,0.0006064605,-0.9927518,0.1200192
16.35004,2.586151,1.321754,3.90778,0.006248686,0.0006064605,-0.9927518,0.1200192
16.40004,2.586151,1.321754,3.90778,0.006248686,0.0006064605,-0.9927518,0.1200192
16.45004,2.586151,1.321754,3.90778,0.006248686,0.0006064605,-0.9927518,0.1200192
16.50003,2.586151,1.321754,3.90778,0.006248686,0.0006064605,-0.9927518,0.1200192
16.55003,2.586151,1.321754,3.90778,0.006248686,0.0006064605,-0.9927518,0.1200192
16.60003,2.586151,1.321754,3.90778,0.006248686,0.0006064605,-0.9927518,0.1200192
16.65003,2.586151,1.321754,3.90778,0.006248686,0.0006064605,-0.9927518,0.1200192
16.70003,2.586151,1.321754,3.90778,0.006248686,0.0006064605,-0.9927518,0.1200192
16.75003,2.586151,1.321754,3.90778,0.006248686,0.0006064605,-0.9927518,0.1200192
16.80003,2.586151,1.321754,3.90778,0.006248686,0.0006064605,-0.9927518,0.1200192
16.85003,2.586151,1.321754,3.90778,0.006248686,0.0006064605,-0.9927518,0.1200192
16.90003,2.586151,1.321754,3.90778,0.006248686,0.0006064605,-0.9927518,0.1200192
16.95003,2.586151,1.321754,3.90778,0.006248686,0.0006064605,-0.9927518,0.1200192
17.00003,2.586151,1.321754,3.90778,0.006248686,0.0006064605,-0.9927518,0.1200192
17.05003,2.586151,1.321754,3.90778,0.006248686,0.0006064605,-0.9927518,0.1200192
17.10003,2.586151,1.321754,3.90778,0.006248686,0.0006064605,-0.9927518,0.1200192
17.15002,2.586151,1.321754,3.90778,0.006248686,0.0006064605,-0.9927518,0.1200192
17.20002,2.586151,1.321754,3.90778,0.006248686,0.0006064605,-0.9927518,0.1200192
17.25002,2.586151,1.321754,3.90778,0.006248686,0.0006064605,-0.9927518,0.1200192
17.30002,2.586151,1.321754,3.90778,0.006248686,0.0006064605,-0.9927518,0.1200192
17.35002,2.586151,1.321754,3.90778,0.006248686,0.0006064605,-0.9927518,0.1200192
17.40002,2.586151,1.321754,3.90778,0.006248686,0.0006064605,-0.9927518,0.1200192
17.45002,2.586151,1.321754,3.90778,0.006248686,0.0006064605,-0.9927518,0.1200192
17.50002,2.586151,1.321754,3.90778,0.006248686,0.0006064605,-0.9927518,0.1200192
17.55002,2.586151,1.321754,3.90778,0.006248686,0.0006064605,-0.9927518,0.1200192
17.60002,2.586151,1.321754,3.90778,0.006248686,0.0006064605,-0.9927518,0.1200192
17.65002,2.586151,1.321754,3.90778,0.006248686,0.0006064605,-0.9927518,0.1200192
17.70002,2.586151,1.321754,3.90778,0.006248686,0.0006064605,-0.9927518,0.1200192
17.75002,2.586151,1.321754,3.90778,0.006248686,0.0006064605,-0.9927518,0.1200192
17.80001,2.586151,1.321754,3.90778,0.006248686,0.0006064605,-0.9927518,0.1200192
17.85001,2.586151,1.321754,3.90778,0.006248686,0.0006064605,-0.9927518,0.1200192
17.90001,2.586151,1.321754,3.90778,0.006248686,0.0006064605,-0.9927518,0.1200192
17.95001,2.586151,1.321754,3.90778,0.006248686,0.0006064605,-0.9927518,0.1200192
18.00001,2.586151,1.321754,3.90778,0.006248686,0.0006064605,-0.9927518,0.1200192
18.05001,2.586151,1.321754,3.90778,0.006248686,0.0006064605,-0.9927518,0.1200192
18.10001,2.586151,1.321754,3.90778,0.006248686,0.0006064605,-0.9927518,0.1200192
18.15001,2.586151,1.321754,3.90778,0.006248686,0.0006064605,-0.9927518,0.1200192
18.20001,2.586151,1.321754,3.90778,0.006248686,0.0006064605,-0.9927518,0.1200192
18.25001,2.586151,1.321754,3.90778,0.006248686,0.0006064605,-0.9927518,0.1200192
18.30001,2.586151,1.321754,3.90778,0.006248686,0.0006064605,-0.9927518,0.1200192
18.35001,2.586151,1.321754,3.90778,0.006248686,0.0006064605,-0.9927518,0.1200192
18.40001,2.586151,1.321754,3.90778,0.006248686,0.0006064605,-0.9927518,0.1200192
18.45,2.586151,1.321754,3.90778,0.006248686,0.0006064605,-0.9927518,0.1200192
18.5,2.586151,1.321754,3.90778,0.006248686,0.0006064605,-0.9927518,0.1200192
18.55,2.586151,1.321754,3.90778,0.006248686,0.0006064605,-0.9927518,0.1200192
18.6,2.586151,1.321754,3.90778,0.006248686,0.0006064605,-0.9927518,0.1200192
18.65,2.586151,1.321754,3.90778,0.006248686,0.0006064605,-0.9927518,0.1200192
18.7,2.586151,1.321754,3.90778,0.006248686,0.0006064605,-0.9927518,0.1200192
18.75,2.586151,1.321754,3.90778,0.006248686,0.0006064605,-0.9927518,0.1200192
18.8,2.586151,1.321754,3.90778,0.006248686,0.0006064605,-0.9927518,0.1200192
18.85,2.586151,1.321754,3.90778,0.006248686,0.0006064605,-0.9927518,0.1200192
18.9,2.586151,1.321754,3.90778,0.006248686,0.0006064605,-0.9927518,0.1200192
18.95,2.586151,1.321754,3.90778,0.006248686,0.0006064605,-0.9927518,0.1200192
19,2.586151,1.321754,3.90778,0.006248686,0.0006064605,-0.9927518,0.1200192
19.05,2.586151,1.321754,3.90778,0.006248686,0.0006064605,-0.9927518,0.1200192
19.09999,2.586151,1.321754,3.90778,0.006248686,0.0006064605,-0.9927518,0.1200192
19.14999,2.586151,1.321754,3.90778,0.006248686,0.0006064605,-0.9927518,0.1200192
19.19999,2.586151,1.321754,3.90778,0.006248686,0.0006064605,-0.9927518,0.1200192
19.24999,2.586151,1.321754,3.90778,0.006248686,0.0006064605,-0.9927518,0.1200192
19.29999,2.586151,1.321754,3.90778,0.006248686,0.0006064605,-0.9927518,0.1200192
19.34999,2.586151,1.321754,3.90778,0.006248686,0.0006064605,-0.9927518,0.1200192
19.39999,2.586151,1.321754,3.90778,0.006248686,0.0006064605,-0.9927518,0.1200192
19.44999,2.586151,1.321754,3.90778,0.006248686,0.0006064605,-0.9927518,0.1200192
19.49999,2.586151,1.321754,3.90778,0.006248686,0.0006064605,-0.9927518,0.1200192
19.54999,2.586151,1.321754,3.90778,0.006248686,0.0006064605,-0.9927518,0.1200192
19.59999,2.586151,1.321754,3.90778,0.006248686,0.0006064605,-0.9927518,0.1200192
19.64999,2.586151,1.321754,3.90778,0.006248686,0.0006064605,-0.9927518,0.1200192
19.69999,2.586151,1.321754,3.90778,0.006248686,0.0006064605,-0.9927518,0.1200192
19.74998,2.586151,1.321754,3.90778,0.006248686,0.0006064605,-0.9927518,0.1200192
19.79998,2.586151,1.321754,3.90778,0.006248686,0.0006064605,-0.9927518,0.1200192
19.84998,2.586151,1.321754,3.90778,0.006248686,0.0006064605,-0.9927518,0.1200192
19.89998,2.586151,1.321754,3.90778,0.006248686,0.0006064605,-0.9927518,0.1200192
19.94998,2.586151,1.321754,3.90778,0.006248686,0.0006064605,-0.9927518,0.1200192
19.99998,2.586151,1.321754,3.90778,0.006248686,0.0006064605,-0.9927518,0.1200192
20.04998,2.586151,1.321754,3.90778,0.006248686,0.0006064605,-0.9927518,0.1200192
20.09998,2.586151,1.321754,3.90778,0.006248686,0.0006064605,-0.9927518,0.1200192
20.14998,2.586151,1.321754,3.90778,0.006248686,0.0006064605,-0.9927518,0.1200192
20.19998,2.586151,1.321754,3.90778,0.006248686,0.0006064605,-0.9927518,0.1200192
20.24998,2.586151,1.321754,3.90778,0.006248686,0.0006064605,-0.9927518,0.1200192
20.29998,2.586151,1.321754,3.90778,0.006248686,0.0006064605,-0.9927518,0.1200192
20.34998,2.586151,1.321754,3.90778,0.006248686,0.0006064605,-0.9927518,0.1200192
20.39997,2.586151,1.321754,3.90778,0.006248686,0.0006064605,-0.9927518,0.1200192
20.44997,2.586151,1.321754,3.90778,0.006248686,0.0006064605,-0.9927518,0.1200192
20.49997,2.586151,1.321754,3.90778,0.006248686,0.0006064605,-0.9927518,0.1200192
20.54997,2.586151,1.321754,3.90778,0.006248686,0.0006064605,-0.9927518,0.1200192
20.59997,2.586151,1.321754,3.90778,0.006248686,0.0006064605,-0.9927518,0.1200192
20.64997,2.586151,1.321754,3.90778,0.006248686,0.0006064605,-0.9927518,0.1200192
20.69997,2.586151,1.321754,3.90778,0.006248686,0.0006064605,-0.9927518,0.1200192
20.74997,2.586151,1.321754,3.90778,0.006248686,0.0006064605,-0.9927518,0.1200192
20.79997,2.586151,1.321754,3.90778,0.006248686,0.0006064605,-0.9927518,0.1200192
20.84997,2.586151,1.321754,3.90778,0.006248686,0.0006064605,-0.9927518,0.1200192
20.89997,2.586151,1.321754,3.90778,0.006248686,0.0006064605,-0.9927518,0.1200192
20.94997,2.586151,1.321754,3.90778,0.006248686,0.0006064605,-0.9927518,0.1200192
20.99997,2.586151,1.321754,3.90778,0.006248686,0.0006064605,-0.9927518,0.1200192
21.04996,2.586151,1.321754,3.90778,0.006248686,0.0006064605,-0.9927518,0.1200192
21.09996,2.586151,1.321754,3.90778,0.006248686,0.0006064605,-0.9927518,0.1200192
21.14996,2.586151,1.321754,3.90778,0.006248686,0.0006064605,-0.9927518,0.1200192
21.19996,2.586151,1.321754,3.90778,0.006248686,0.0006064605,-0.9927518,0.1200192
21.24996,2.586151,1.321754,3.90778,0.006248686,0.0006064605,-0.9927518,0.1200192
21.29996,2.586151,1.321754,3.90778,0.006248686,0.0006064605,-0.9927518,0.1200192
21.34996,2.586151,1.321754,3.90778,0.006248686,0.0006064605,-0.9927518,0.1200192
21.39996,2.586151,1.321754,3.90778,0.006248686,0.0006064605,-0.9927518,0.1200192
21.44996,2.586151,1.321754,3.90778,0.006248686,0.0006064605,-0.9927518,0.1200192
21.49996,2.586151,1.321754,3.90778,0.006248686,0.0006064605,-0.9927518,0.1200192
21.54996,2.586151,1.321754,3.90778,0.006248686,0.0006064605,-0.9927518,0.1200192
21.59996,2.586151,1.321754,3.90778,0.006248686,0.0006064605,-0.9927518,0.1200192
21.64996,2.586151,1.321754,3.90778,0.006248686,0.0006064605,-0.9927518,0.1200192
21.69995,2.586151,1.321754,3.90778,0.006248686,0.0006064605,-0.9927518,0.1200192
21.74995,2.586151,1.321754,3.90778,0.006248686,0.0006064605,-0.9927518,0.1200192
21.79995,2.586151,1.321754,3.90778,0.006248686,0.0006064605,-0.9927518,0.1200192
21.84995,2.586151,1.321754,3.90778,0.006248686,0.0006064605,-0.9927518,0.1200192
21.89995,2.586151,1.321754,3.90778,0.006248686,0.0006064605,-0.9927518,0.1200192
21.94995,2.586151,1.321754,3.90778,0.006248686,0.0006064605,-0.9927518,0.1200192
21.99995,2.586151,1.321754,3.90778,0.006248686,0.0006064605,-0.9927518,0.1200192
22.04995,2.586151,1.321754,3.90778,0.006248686,0.0006064605,-0.9927518,0.1200192
22.09995,2.586151,1.321754,3.90778,0.006248686,0.0006064605,-0.9927518,0.1200192
22.14995,2.586151,1.321754,3.90778,0.006248686,0.0006064605,-0.9927518,0.1200192
22.19995,2.586151,1.321754,3.90778,0.006248686,0.0006064605,-0.9927518,0.1200192
22.24995,2.586151,1.321754,3.90778,0.006248686,0.0006064605,-0.9927518,0.1200192
22.29995,2.586151,1.321754,3.90778,0.006248686,0.0006064605,-0.9927518,0.1200192
22.34995,2.586151,1.321754,3.90778,0.006248686,0.0006064605,-0.9927518,0.1200192
22.39994,2.586151,1.321754,3.90778,0.006248686,0.0006064605,-0.9927518,0.1200192
22.44994,2.586151,1.321754,3.90778,0.006248686,0.0006064605,-0.9927518,0.1200192
22.49994,2.586151,1.321754,3.90778,0.006248686,0.0006064605,-0.9927518,0.1200192
22.54994,2.586151,1.321754,3.90778,0.006248686,0.0006064605,-0.9927518,0.1200192
22.59994,2.586151,1.321754,3.90778,0.006248686,0.0006064605,-0.9927518,0.1200192
22.64994,2.586151,1.321754,3.90778,0.006248686,0.0006064605,-0.9927518,0.1200192
22.69994,2.586151,1.321754,3.90778,0.006248686,0.0006064605,-0.9927518,0.1200192
22.74994,2.586151,1.321754,3.90778,0.006248686,0.0006064605,-0.9927518,0.1200192
22.79994,2.586151,1.321754,3.90778,0.006248686,0.0006064605,-0.9927518,0.1200192
22.84994,2.586151,1.321754,3.90778,0.006248686,0.0006064605,-0.9927518,0.1200192
22.89994,2.586151,1.321754,3.90778,0.006248686,0.0006064605,-0.9927518,0.1200192
22.94994,2.586151,1.321754,3.90778,0.006248686,0.0006064605,-0.9927518,0.1200192
22.99994,2.586151,1.321754,3.90778,0.006248686,0.0006064605,-0.9927518,0.1200192
23.04993,2.586151,1.321754,3.90778,0.006248686,0.0006064605,-0.9927518,0.1200192
23.09993,2.570022,1.326045,3.906895,0.006186889,0.0005975151,-0.9927515,0.1200246
23.14993,2.551774,1.330534,3.905782,0.006006557,0.0005714102,-0.9927507,0.1200405
23.19993,2.536016,1.334127,3.904735,0.005765385,0.0005364984,-0.9927495,0.1200618
23.24993,2.515424,1.338465,3.903257,0.005342324,0.0004752567,-0.9927474,0.1200991
23.29993,2.498816,1.341695,3.901982,0.004919825,0.0004140962,-0.9927451,0.1201363
23.34993,2.477167,1.345577,3.900217,0.004270199,0.0003200573,-0.9927412,0.1201935
23.39993,2.459743,1.348456,3.898719,0.003672704,0.000233565,-0.9927373,0.1202461
23.44993,2.437078,1.351899,3.896675,0.002804471,0.0001078812,-0.9927309,0.1203224
23.49993,2.418871,1.354438,3.89496,0.002038216,-3.040113E-06,-0.9927246,0.1203897
23.54993,2.395231,1.357457,3.892643,0.000959285,-0.0001592236,-0.9927148,0.1204842
23.59993,2.376273,1.359669,3.890718,3.047503E-05,-0.0002936756,-0.9927053,0.1205656
23.64993,2.351698,1.362282,3.888136,-0.001251284,-0.0004792192,-0.9926908,0.1206776
23.69992,2.332021,1.36418,3.886005,-0.002336474,-0.0006363075,-0.9926773,0.1207723
23.74992,2.306552,1.3664,3.883166,-0.003813211,-0.0008500744,-0.9926569,0.1209009
23.79992,2.286189,1.367997,3.880835,-0.005048617,-0.001028907,-0.9926381,0.1210083
23.84992,2.259866,1.369841,3.877745,-0.006712494,-0.001269762,-0.9926104,0.1211527
23.89992,2.238847,1.371149,3.87522,-0.008091954,-0.001469445,-0.9925852,0.1212721
23.94992,2.211713,1.372634,3.871887,-0.009935127,-0.001736252,-0.9925486,0.1214313
23.99992,2.190071,1.373665,3.869174,-0.01145247,-0.001955893,-0.9925158,0.121562
24.04992,2.162165,1.374806,3.865605,-0.01346708,-0.002247515,-0.9924687,0.1217351
24.09992,2.139933,1.375573,3.862708,-0.01511611,-0.002486217,-0.992427,0.1218765
24.14992,2.111295,1.376387,3.858911,-0.01729429,-0.002801513,-0.9923677,0.1220626
24.19992,2.088504,1.376902,3.855837,-0.0190688,-0.003058377,-0.9923159,0.1222139
24.24992,2.059176,1.377404,3.851818,-0.02140262,-0.003396199,-0.9922428,0.1224122
24.29992,2.035858,1.37768,3.848572,-0.02329637,-0.003670319,-0.9921793,0.1225726
24.34991,2.005881,1.377886,3.844339,-0.02577785,-0.004029513,-0.9920907,0.1227821
24.39991,1.982069,1.377936,3.840928,-0.02778455,-0.00431998,-0.9920143,0.122951
24.44991,1.951482,1.377861,3.836487,-0.03040567,-0.004699383,-0.9919084,0.1231708
24.49991,1.927207,1.377697,3.832916,-0.032519,-0.005005281,-0.991818,0.1233475
24.54991,1.896003,1.377358,3.828267,-0.03527613,-0.005404367,-0.991693,0.1235771
24.59991,1.871347,1.376994,3.824549,-0.03748523,-0.005724126,-0.9915874,0.1237604
24.64991,1.839615,1.376406,3.819708,-0.04036597,-0.006141099,-0.991442,0.1239985
24.69991,1.814561,1.375853,3.815841,-0.04266868,-0.006474404,-0.9913197,0.124188
24.74991,1.782341,1.375033,3.810814,-0.04566478,-0.006908069,-0.9911525,0.1244337
24.79991,1.756922,1.374304,3.806805,-0.04805463,-0.007253983,-0.9910125,0.1246289
24.84991,1.724256,1.373267,3.801599,-0.05115778,-0.007703139,-0.990822,0.1248812
24.89991,1.698502,1.372374,3.797453,-0.05362822,-0.008060713,-0.9906633,0.1250813
24.94991,1.66543,1.371137,3.792075,-0.05683006,-0.008524148,-0.9904482,0.1253394
24.9999,1.639375,1.370093,3.787797,-0.05937449,-0.008892427,-0.9902698,0.1255436
25.0499,1.605938,1.368671,3.782256,-0.06266655,-0.009368915,-0.9900292,0.1258067
25.0999,1.579613,1.367489,3.777853,-0.06527834,-0.009746939,-0.9898303,0.1260144
25.1499,1.545852,1.365899,3.772154,-0.06865212,-0.01023525,-0.9895631,0.1262815
25.1999,1.519289,1.364591,3.767631,-0.07132456,-0.01062205,-0.989343,0.126492
25.2499,1.485244,1.362847,3.761782,-0.07477146,-0.01112093,-0.9890485,0.1267622
25.2999,1.458475,1.361426,3.757144,-0.0774978,-0.01151552,-0.9888068,0.1269749
25.3499,1.424188,1.359546,3.751153,-0.08100919,-0.01202374,-0.9884842,0.1272475
25.3999,1.397245,1.358024,3.746407,-0.08378263,-0.01242514,-0.9882204,0.1274616
25.4499,1.362756,1.356022,3.74028,-0.0873498,-0.01294142,-0.9878695,0.1277357
25.4999,1.335671,1.354412,3.73543,-0.09016355,-0.01334866,-0.9875834,0.1279508
25.5499,1.301021,1.352306,3.729177,-0.09377778,-0.01387174,-0.9872038,0.1282255
25.5999,1.273827,1.35062,3.724229,-0.09662493,-0.0142838,-0.9868954,0.1284408
25.64989,1.239057,1.348424,3.717854,-0.1002774,-0.01481242,-0.9864874,0.1287155
25.69989,1.211784,1.346675,3.712815,-0.1031511,-0.01522831,-0.9861566,0.1289305
25.74989,1.176934,1.344407,3.706327,-0.1068331,-0.01576119,-0.9857203,0.1292044
25.79989,1.149615,1.342606,3.701201,-0.1097265,-0.01617993,-0.9853675,0.1294184
25.84989,1.114727,1.340281,3.694607,-0.1134292,-0.01671579,-0.9849034,0.1296907
25.89989,1.087394,1.338442,3.689401,-0.1163353,-0.01713637,-0.9845291,0.1299033
25.94989,1.052508,1.336076,3.682707,-0.1200498,-0.01767394,-0.9840379,0.1301734
25.99989,1.025192,1.334212,3.677426,-0.1229618,-0.01809535,-0.9836428,0.1303839
26.04989,0.9903502,1.33182,3.67064,-0.1266793,-0.01863335,-0.9831253,0.1306511
26.09989,0.9630845,1.329942,3.665291,-0.1295903,-0.01905462,-0.9827101,0.1308591
26.14989,0.9283259,1.327542,3.65842,-0.1333022,-0.01959179,-0.9821678,0.1311228
26.19989,0.9011417,1.325663,3.653007,-0.1362052,-0.0200119,-0.9817335,0.1313278
26.24989,0.8665079,1.32327,3.646059,-0.1399026,-0.02054697,-0.9811677,0.1315873
26.29988,0.8394375,1.321403,3.640588,-0.1427909,-0.02096494,-0.9807155,0.1317888
26.34988,0.8049691,1.319032,3.63357,-0.1464652,-0.02149666,-0.9801277,0.1320436
26.39988,0.7780444,1.317189,3.628046,-0.1493319,-0.02191151,-0.9796592,0.1322412
26.44988,0.7437823,1.314857,3.620965,-0.1529744,-0.02243861,-0.9790513,0.1324907
26.49988,0.7170352,1.313051,3.615396,-0.1558128,-0.02284936,-0.978568,0.132684
26.54988,0.6830203,1.310774,3.608259,-0.159415,-0.02337062,-0.9779422,0.1329278
26.59988,0.6564827,1.309017,3.602648,-0.1622185,-0.0237763,-0.9774456,0.1331164
26.64988,0.6227558,1.306811,3.595463,-0.1657717,-0.02429047,-0.9768042,0.1333539
26.69988,0.5964597,1.305115,3.589817,-0.1685336,-0.02469014,-0.9762964,0.1335374
26.74988,0.5630616,1.302995,3.58259,-0.1720295,-0.02519601,-0.9756418,0.1337683
26.79988,0.537039,1.301374,3.576915,-0.1747433,-0.0255887,-0.9751248,0.1339464
26.84988,0.5040104,1.299357,3.569654,-0.1781736,-0.02608507,-0.9744599,0.1341702
26.89988,0.4782933,1.297822,3.563955,-0.1808327,-0.02646985,-0.9739358,0.1343427
26.94987,0.4456751,1.295924,3.556668,-0.1841892,-0.02695553,-0.9732634,0.134559
26.99987,0.4202954,1.294488,3.55095,-0.1867872,-0.02733147,-0.9727346,0.1347254
27.04987,0.3881283,1.292725,3.543643,-0.1900617,-0.02780528,-0.9720577,0.1349339
27.09987,0.3631181,1.291401,3.537913,-0.1925924,-0.02817146,-0.9715267,0.135094
27.14987,0.3314427,1.289788,3.530593,-0.1957769,-0.02863225,-0.9708486,0.1352944
27.19987,0.3068337,1.288588,3.524857,-0.198234,-0.02898778,-0.9703179,0.1354481
27.24987,0.2756914,1.287142,3.517532,-0.2013205,-0.02943438,-0.9696419,0.13564
27.29987,0.2515157,1.286078,3.511794,-0.2036978,-0.02977837,-0.9691142,0.135787
27.34987,0.2209467,1.284815,3.504471,-0.2066787,-0.03020968,-0.9684438,0.1359702
27.39987,0.1972365,1.283901,3.498738,-0.2089701,-0.03054123,-0.9679219,0.1361102
27.44987,0.1672819,1.282835,3.491424,-0.2118375,-0.03095612,-0.9672606,0.1362845
27.49987,0.1440688,1.282083,3.485701,-0.2140371,-0.03127438,-0.9667473,0.1364174
27.54987,0.1147696,1.281232,3.478404,-0.2167835,-0.03167174,-0.9660989,0.1365825
27.59986,0.0920857,1.280654,3.472696,-0.2188853,-0.03197585,-0.965597,0.1367081
27.64986,0.06348228,1.280033,3.465423,-0.221503,-0.03235461,-0.9649652,0.1368638
27.69986,0.04135982,1.279642,3.459737,-0.2235012,-0.03264372,-0.9644778,0.136982
27.74986,0.01349324,1.279268,3.452495,-0.225983,-0.03300279,-0.9638664,0.137128
27.79986,-0.008036248,1.279075,3.446836,-0.2278717,-0.03327607,-0.9633965,0.1372387
27.84986,-0.03512503,1.278963,3.439632,-0.2302101,-0.0336144,-0.9628092,0.1373749
27.89986,-0.05602935,1.278983,3.434006,-0.2319837,-0.03387101,-0.9623597,0.1374778
27.94986,-0.0822999,1.279149,3.426847,-0.2341714,-0.03418754,-0.9618005,0.1376041
27.99986,-0.102547,1.279393,3.421259,-0.2358241,-0.03442666,-0.9613745,0.1376991
28.04986,-0.1279583,1.279854,3.414154,-0.2378539,-0.03472034,-0.960847,0.1378152
28.09986,-0.1475164,1.280334,3.40861,-0.2393801,-0.03494115,-0.9604474,0.1379022
28.14986,-0.1720275,1.281105,3.401564,-0.2412448,-0.03521093,-0.9599557,0.138008
28.19986,-0.1908646,1.281835,3.39607,-0.2426389,-0.03541262,-0.9595855,0.1380868
28.24986,-0.2144351,1.282932,3.389091,-0.2443313,-0.03565748,-0.9591331,0.1381821
28.29985,-0.232519,1.283923,3.383653,-0.2455875,-0.03583923,-0.9587954,0.1382526
28.34985,-0.2551078,1.285362,3.376748,-0.2471004,-0.03605812,-0.9583861,0.1383372
28.39985,-0.2724069,1.286628,3.371371,-0.2482132,-0.03621912,-0.9580835,0.1383992
28.44985,-0.2939731,1.288425,3.364548,-0.2495395,-0.03641101,-0.957721,0.138473
28.49985,-0.3104553,1.289978,3.359237,-0.2505032,-0.03655043,-0.9574563,0.1385264
28.54985,-0.3309584,1.292149,3.352503,-0.2516356,-0.03671426,-0.957144,0.138589
28.59985,-0.3465915,1.294001,3.347265,-0.2524446,-0.0368313,-0.95692,0.1386336
28.64985,-0.3659905,1.296562,3.340627,-0.2533757,-0.03696602,-0.9566612,0.1386848
28.69985,-0.3807429,1.298726,3.335467,-0.2540243,-0.03705985,-0.9564805,0.1387205
28.74985,-0.3989969,1.301693,3.328932,-0.2547469,-0.03716439,-0.9562785,0.1387601
28.79985,-0.4128365,1.304181,3.323855,-0.2552291,-0.03723415,-0.9561433,0.1387865
28.84985,-0.4299049,1.30757,3.317431,-0.2557356,-0.03730744,-0.9560011,0.1388142
28.89985,-0.4427995,1.310395,3.312444,-0.2560457,-0.0373523,-0.9559139,0.1388311
28.94984,-0.4586415,1.314222,3.306138,-0.2563287,-0.03739324,-0.9558342,0.1388465
28.99984,-0.4705594,1.317396,3.301245,-0.2564606,-0.03741233,-0.955797,0.1388537
29.04984,-0.483575,1.321196,3.295737,-0.2565131,-0.03741992,-0.9557822,0.1388566
29.09984,-0.4835892,1.3212,3.295731,-0.2565131,-0.03741993,-0.9557822,0.1388566
29.14984,-0.4835892,1.3212,3.295731,-0.2565131,-0.03741993,-0.9557822,0.1388566
29.19984,-0.4835892,1.3212,3.295731,-0.2565131,-0.03741993,-0.9557822,0.1388566
29.24984,-0.4835892,1.3212,3.295731,-0.2565131,-0.03741993,-0.9557822,0.1388566
29.29984,-0.4835892,1.3212,3.295731,-0.2565131,-0.03741993,-0.9557822,0.1388566
29.34984,-0.4835892,1.3212,3.295731,-0.2565131,-0.03741993,-0.9557822,0.1388566
29.39984,-0.4835892,1.3212,3.295731,-0.2565131,-0.03741993,-0.9557822,0.1388566
29.44984,-0.4835892,1.3212,3.295731,-0.2565131,-0.03741993,-0.9557822,0.1388566
29.49984,-0.4835892,1.3212,3.295731,-0.2565131,-0.03741993,-0.9557822,0.1388566
29.54984,-0.4835892,1.3212,3.295731,-0.2565131,-0.03741993,-0.9557822,0.1388566
29.59983,-0.4835892,1.3212,3.295731,-0.2565131,-0.03741993,-0.9557822,0.1388566
29.64983,-0.4835892,1.3212,3.295731,-0.2565131,-0.03741993,-0.9557822,0.1388566
29.69983,-0.4835892,1.3212,3.295731,-0.2565131,-0.03741993,-0.9557822,0.1388566
29.74983,-0.4835892,1.3212,3.295731,-0.2565131,-0.03741993,-0.9557822,0.1388566
29.79983,-0.4835892,1.3212,3.295731,-0.2565131,-0.03741993,-0.9557822,0.1388566
29.84983,-0.4835892,1.3212,3.295731,-0.2565131,-0.03741993,-0.9557822,0.1388566
29.89983,-0.4835892,1.3212,3.295731,-0.2565131,-0.03741993,-0.9557822,0.1388566
29.94983,-0.4835892,1.3212,3.295731,-0.2565131,-0.03741993,-0.9557822,0.1388566
29.99983,-0.4835892,1.3212,3.295731,-0.2565131,-0.03741993,-0.9557822,0.1388566
30.04983,-0.4851203,1.321667,3.29507,-0.2565133,-0.03741996,-0.9557822,0.1388566
30.09983,-0.4946877,1.32449,3.290903,-0.2565221,-0.03742144,-0.9557797,0.1388569
30.14983,-0.5077624,1.328095,3.2851,-0.2565537,-0.03742683,-0.9557709,0.1388579
30.19983,-0.5179221,1.330716,3.280512,-0.2565926,-0.03743344,-0.9557599,0.1388592
30.24982,-0.5317703,1.334056,3.274158,-0.2566637,-0.03744552,-0.9557401,0.1388616
30.29982,-0.5425047,1.33648,3.269159,-0.2567318,-0.03745709,-0.955721,0.1388638
30.34982,-0.5570988,1.339562,3.262269,-0.256841,-0.03747566,-0.9556904,0.1388674
30.39982,-0.5683929,1.341795,3.256869,-0.2569375,-0.03749206,-0.9556634,0.1388705
30.44982,-0.5837123,1.344627,3.249456,-0.2570837,-0.03751691,-0.9556224,0.1388753
30.49982,-0.5955447,1.346673,3.243666,-0.2572077,-0.037538,-0.9555876,0.1388794
30.54982,-0.6115652,1.349262,3.235744,-0.2573898,-0.03756894,-0.9555365,0.1388853
30.59982,-0.6239178,1.351127,3.229575,-0.2575404,-0.03759454,-0.9554942,0.1388903
30.64982,-0.6406152,1.35348,3.221158,-0.257757,-0.03763137,-0.9554332,0.1388973
30.69982,-0.6534699,1.355169,3.214621,-0.2579334,-0.03766135,-0.9553837,0.1389031
30.74982,-0.6708202,1.357293,3.205723,-0.2581835,-0.03770387,-0.9553132,0.1389112
30.79982,-0.6841586,1.358812,3.198827,-0.2583847,-0.03773807,-0.9552565,0.1389178
30.84982,-0.7021378,1.360713,3.189462,-0.2586672,-0.03778609,-0.9551768,0.138927
30.89981,-0.7159419,1.362067,3.182219,-0.2588923,-0.03782435,-0.9551133,0.1389343
30.94981,-0.7345259,1.363753,3.172401,-0.2592058,-0.03787766,-0.9550246,0.1389445
30.99981,-0.7487774,1.364947,3.164822,-0.259454,-0.03791985,-0.9549543,0.1389525
31.04981,-0.767942,1.366425,3.154564,-0.2597975,-0.03797825,-0.9548571,0.1389637
31.09981,-0.7826228,1.367465,3.146658,-0.2600678,-0.03802421,-0.9547803,0.1389724
31.14981,-0.8023439,1.368742,3.135976,-0.2604401,-0.0380875,-0.9546747,0.1389844
31.19981,-0.8174358,1.369632,3.127755,-0.2607317,-0.03813708,-0.9545917,0.1389938
31.24981,-0.8376895,1.370716,3.116661,-0.2611316,-0.03820506,-0.9544777,0.1390067
31.29981,-0.8531743,1.371462,3.108135,-0.2614436,-0.0382581,-0.9543888,0.1390167
31.34981,-0.8739363,1.372359,3.096644,-0.2618698,-0.03833057,-0.954267,0.1390304
31.39981,-0.889796,1.372967,3.087824,-0.2622013,-0.03838693,-0.9541721,0.139041
31.44981,-0.9110423,1.373683,3.07595,-0.2626528,-0.0384637,-0.9540427,0.1390555
31.49981,-0.9272584,1.374158,3.066845,-0.2630029,-0.03852322,-0.9539422,0.1390667
31.5498,-0.948965,1.374702,3.054602,-0.2634784,-0.03860408,-0.9538056,0.1390818
31.5998,-0.9655195,1.375049,3.045224,-0.2638462,-0.03866661,-0.9536996,0.1390935
31.6498,-0.9876623,1.375427,3.032626,-0.2643447,-0.03875136,-0.9535558,0.1391093
31.6998,-1.004537,1.375652,3.022985,-0.2647293,-0.03881676,-0.9534448,0.1391215
31.7498,-1.027092,1.375871,3.010046,-0.2652494,-0.0389052,-0.9532942,0.139138
31.7998,-1.044269,1.375978,3.000153,-0.2656499,-0.03897331,-0.953178,0.1391506
31.8498,-1.067254,1.376046,2.986863,-0.2661915,-0.03906541,-0.9530207,0.1391676
31.8998,-1.084672,1.376041,2.976753,-0.266606,-0.03913591,-0.9529,0.1391806
31.9498,-1.108022,1.375964,2.963149,-0.267167,-0.0392313,-0.9527363,0.1391982
31.9998,-1.125705,1.375853,2.952807,-0.2675957,-0.0393042,-0.9526111,0.1392116
32.0498,-1.149395,1.375638,2.938904,-0.2681749,-0.03940269,-0.9524415,0.1392297
32.0998,-1.167325,1.375426,2.928343,-0.2686167,-0.03947784,-0.9523118,0.1392434
32.1498,-1.191332,1.37508,2.914154,-0.2692129,-0.03957923,-0.9521365,0.1392619
32.19979,-1.209491,1.374773,2.903383,-0.2696671,-0.03965648,-0.9520028,0.139276
32.24979,-1.233789,1.374303,2.888922,-0.270279,-0.03976056,-0.951822,0.1392949
32.29979,-1.252159,1.373905,2.877953,-0.2707447,-0.03983976,-0.9516843,0.1393092
32.34979,-1.276726,1.373319,2.863235,-0.2713713,-0.03994633,-0.9514986,0.1393285
32.39979,-1.295288,1.372836,2.852077,-0.2718475,-0.04002733,-0.9513571,0.1393431
32.44979,-1.320098,1.37214,2.837115,-0.2724876,-0.0401362,-0.9511665,0.1393626
32.49979,-1.338835,1.371577,2.82578,-0.2729735,-0.04021885,-0.9510215,0.1393774
32.54979,-1.363865,1.370779,2.810589,-0.2736258,-0.04032981,-0.9508263,0.1393973
32.59979,-1.382758,1.370142,2.799086,-0.2741205,-0.04041395,-0.9506782,0.1394123
32.64979,-1.407984,1.369248,2.783679,-0.2747839,-0.0405268,-0.9504789,0.1394323
32.69979,-1.427014,1.368542,2.77202,-0.2752864,-0.0406123,-0.9503275,0.1394475
32.74979,-1.452412,1.367559,2.756411,-0.2759598,-0.04072684,-0.9501244,0.1394677
32.79979,-1.471562,1.366789,2.744606,-0.2764694,-0.04081353,-0.9499702,0.139483
32.84978,-1.497108,1.365726,2.72881,-0.2771515,-0.04092957,-0.9497635,0.1395034
32.89978,-1.51636,1.364897,2.716869,-0.2776672,-0.04101731,-0.9496068,0.1395187
32.94978,-1.542028,1.363759,2.7009,-0.2783568,-0.04113464,-0.9493967,0.1395392
32.99978,-1.561364,1.362878,2.688833,-0.2788778,-0.04122328,-0.9492378,0.1395546
33.04978,-1.587132,1.361672,2.672705,-0.2795738,-0.0413417,-0.9490248,0.1395752
33.09978,-1.606533,1.360743,2.660524,-0.2800992,-0.04143108,-0.9488637,0.1395906
33.14978,-1.632376,1.359477,2.64425,-0.2808004,-0.0415504,-0.9486482,0.1396112
33.19978,-1.651824,1.358505,2.631966,-0.2813292,-0.04164038,-0.9484853,0.1396267
33.24978,-1.677718,1.357187,2.61556,-0.2820345,-0.04176039,-0.9482675,0.1396472
33.29978,-1.697196,1.356177,2.603182,-0.282566,-0.04185082,-0.948103,0.1396627
33.34978,-1.723117,1.354813,2.586659,-0.2832741,-0.04197133,-0.9478833,0.1396832
33.39978,-1.742605,1.353771,2.574198,-0.2838073,-0.04206206,-0.9477175,0.1396986
33.44978,-1.768529,1.352368,2.557573,-0.2845172,-0.04218286,-0.9474962,0.1397191
33.49977,-1.78801,1.3513,2.545039,-0.2850512,-0.04227374,-0.9473294,0.1397344
33.54977,-1.813912,1.349864,2.528324,-0.2857616,-0.04239465,-0.947107,0.1397547
33.59977,-1.833369,1.348775,2.515729,-0.2862956,-0.04248552,-0.9469394,0.1397699
33.64977,-1.859225,1.347314,2.498938,-0.2870054,-0.04260633,-0.9467161,0.1397901
33.69977,-1.878639,1.346209,2.486292,-0.2875385,-0.04269705,-0.946548,0.1398052
33.74977,-1.904425,1.344731,2.46944,-0.2882465,-0.04281757,-0.9463242,0.1398252
33.79977,-1.923777,1.343615,2.456753,-0.2887778,-0.04290799,-0.9461559,0.1398402
33.84977,-1.94947,1.342126,2.439854,-0.289483,-0.04302802,-0.945932,0.1398599
33.89977,-1.968742,1.341004,2.427137,-0.2900116,-0.043118,-0.9457638,0.1398747
33.94977,-1.994317,1.339512,2.410205,-0.2907126,-0.04323732,-0.9455402,0.1398942
33.99977,-2.013491,1.33839,2.397467,-0.2912377,-0.04332671,-0.9453723,0.1399088
34.04977,-2.038924,1.336901,2.380516,-0.2919335,-0.04344516,-0.9451495,0.1399281
34.09977,-2.057983,1.335784,2.36777,-0.2924543,-0.0435338,-0.9449822,0.1399425
34.14977,-2.083249,1.334305,2.350814,-0.2931436,-0.04365116,-0.9447604,0.1399614
34.19976,-2.102174,1.3332,2.338069,-0.2936591,-0.04373892,-0.9445941,0.1399756
34.24976,-2.12725,1.331738,2.321121,-0.2943409,-0.04385499,-0.9443737,0.1399942
34.29976,-2.146023,1.330648,2.308389,-0.2948503,-0.04394171,-0.9442088,0.1400081
34.34976,-2.170885,1.329211,2.291464,-0.2955234,-0.04405631,-0.9439902,0.1400263
34.39976,-2.189487,1.328142,2.278754,-0.2960258,-0.04414185,-0.9438268,0.14004
34.44976,-2.21411,1.326737,2.261866,-0.296689,-0.04425476,-0.9436105,0.1400578
34.49976,-2.232524,1.325694,2.249189,-0.2971836,-0.04433897,-0.943449,0.1400711
34.54976,-2.256885,1.324328,2.232352,-0.2978358,-0.04445003,-0.9432355,0.1400886
34.59976,-2.275092,1.323317,2.219719,-0.2983217,-0.04453276,-0.9430761,0.1401016
34.64976,-2.299165,1.321996,2.202947,-0.2989618,-0.04464175,-0.9428657,0.1401186
34.69976,-2.317148,1.321023,2.190368,-0.2994381,-0.04472286,-0.9427088,0.1401313
34.74976,-2.340911,1.319755,2.173675,-0.3000649,-0.04482959,-0.942502,0.1401479
34.79976,-2.358651,1.318823,2.16116,-0.3005307,-0.04490893,-0.9423479,0.1401602
34.84975,-2.382078,1.317615,2.144561,-0.3011431,-0.0450132,-0.942145,0.1401763
34.89975,-2.399557,1.316731,2.132121,-0.3015977,-0.04509062,-0.9419941,0.1401882
34.94975,-2.422626,1.31559,2.115629,-0.3021945,-0.04519226,-0.9417956,0.1402038
34.99975,-2.439826,1.314759,2.103275,-0.302637,-0.04526761,-0.9416482,0.1402153
35.04975,-2.462511,1.313692,2.086904,-0.303217,-0.04536641,-0.9414546,0.1402304
35.09975,-2.479413,1.31292,2.074646,-0.3036466,-0.04543955,-0.9413109,0.1402415
35.14975,-2.501691,1.311934,2.05841,-0.3042088,-0.04553531,-0.9411227,0.140256
35.19975,-2.518278,1.311225,2.04626,-0.3046245,-0.04560611,-0.9409832,0.1402667
35.24975,-2.540124,1.310327,2.030173,-0.3051677,-0.04569864,-0.9408005,0.1402807
35.29975,-2.556378,1.309686,2.018139,-0.3055687,-0.04576693,-0.9406655,0.140291
35.34975,-2.577768,1.308884,2.002216,-0.3060919,-0.04585605,-0.9404891,0.1403043
35.39975,-2.59367,1.308318,1.990311,-0.3064773,-0.0459217,-0.9403589,0.1403142
35.44975,-2.61458,1.307617,1.974564,-0.3069792,-0.04600719,-0.9401891,0.1403269
35.49974,-2.630112,1.307131,1.962797,-0.3073483,-0.04607005,-0.940064,0.1403363
35.54974,-2.650519,1.30654,1.947242,-0.3078278,-0.04615175,-0.9399012,0.1403484
35.59974,-2.665663,1.306138,1.935624,-0.3081796,-0.04621167,-0.9397817,0.1403573
35.64974,-2.685541,1.305663,1.920274,-0.3086357,-0.04628937,-0.9396265,0.1403687
35.69974,-2.70028,1.305352,1.908816,-0.3089694,-0.04634621,-0.9395127,0.1403771
35.74974,-2.719606,1.305,1.893685,-0.3094009,-0.04641972,-0.9393655,0.1403879
35.79974,-2.73392,1.304784,1.882397,-0.3097157,-0.04647334,-0.9392579,0.1403958
35.84974,-2.75267,1.304563,1.8675,-0.3101214,-0.04654245,-0.9391192,0.1404059
35.89974,-2.766541,1.304448,1.856392,-0.3104164,-0.04659271,-0.9390181,0.1404132
35.94974,-2.78469,1.304364,1.841742,-0.3107952,-0.04665725,-0.9388882,0.1404226
35.99974,-2.798102,1.304355,1.830826,-0.3110695,-0.04670399,-0.938794,0.1404294
36.04974,-2.815626,1.304416,1.816437,-0.3114204,-0.04676377,-0.9386734,0.1404381
36.09974,-2.828559,1.304518,1.805723,-0.3116733,-0.04680685,-0.9385863,0.1404443
36.14973,-2.845435,1.304731,1.79161,-0.3119949,-0.04686165,-0.9384755,0.1404523
36.19973,-2.857871,1.30495,1.781108,-0.3122255,-0.04690094,-0.938396,0.1404579
36.24973,-2.874074,1.305322,1.767284,-0.312517,-0.04695059,-0.9382954,0.1404651
36.29973,-2.885995,1.305662,1.757004,-0.3127244,-0.04698593,-0.9382238,0.1404702
36.34973,-2.901501,1.3062,1.743484,-0.3129844,-0.04703024,-0.938134,0.1404765
36.39973,-2.912889,1.306668,1.733438,-0.3131678,-0.04706148,-0.9380705,0.140481
36.44973,-2.927674,1.307378,1.720235,-0.3133953,-0.04710024,-0.9379917,0.1404866
36.49973,-2.938511,1.307979,1.710433,-0.3135538,-0.04712725,-0.9379368,0.1404904
36.54973,-2.95255,1.308869,1.697561,-0.3137476,-0.04716028,-0.9378696,0.1404952
36.59973,-2.962818,1.309607,1.688014,-0.3138804,-0.04718291,-0.9378236,0.1404984
36.64973,-2.976088,1.310684,1.675488,-0.3140395,-0.04721001,-0.9377683,0.1405023
36.69973,-2.985768,1.311566,1.666205,-0.3141457,-0.04722811,-0.9377316,0.1405048
36.74973,-2.998245,1.312837,1.654039,-0.3142689,-0.04724909,-0.9376887,0.1405078
36.79972,-3.007319,1.313867,1.645032,-0.3143477,-0.04726252,-0.9376614,0.1405097
36.84972,-3.018979,1.315339,1.633239,-0.3144338,-0.04727719,-0.9376315,0.1405118
36.89972,-3.02743,1.316523,1.624518,-0.3144843,-0.04728579,-0.9376139,0.140513
36.94972,-3.038247,1.318204,1.613113,-0.3145322,-0.04729395,-0.9375972,0.1405142
36.99972,-3.046056,1.319547,1.604688,-0.3145535,-0.04729759,-0.9375898,0.1405147
37.04972,-3.054787,1.321198,1.595051,-0.3145623,-0.04729908,-0.9375868,0.1405149
37.09972,-3.054798,1.3212,1.595039,-0.3145623,-0.04729908,-0.9375868,0.1405149
37.14972,-3.054798,1.3212,1.595039,-0.3145623,-0.04729908,-0.9375868,0.1405149
37.19972,-3.054798,1.3212,1.595039,-0.3145623,-0.04729908,-0.9375868,0.1405149
37.24972,-3.054798,1.3212,1.595039,-0.3145623,-0.04729908,-0.9375868,0.1405149
37.29972,-3.054798,1.3212,1.595039,-0.3145623,-0.04729908,-0.9375868,0.1405149
37.34972,-3.054798,1.3212,1.595039,-0.3145623,-0.04729908,-0.9375868,0.1405149
37.39972,-3.054798,1.3212,1.595039,-0.3145623,-0.04729908,-0.9375868,0.1405149
37.44971,-3.054798,1.3212,1.595039,-0.3145623,-0.04729908,-0.9375868,0.1405149
37.49971,-3.054798,1.3212,1.595039,-0.3145623,-0.04729908,-0.9375868,0.1405149
37.54971,-3.054798,1.3212,1.595039,-0.3145623,-0.04729908,-0.9375868,0.1405149
37.59971,-3.054798,1.3212,1.595039,-0.3145623,-0.04729908,-0.9375868,0.1405149
37.64971,-3.054798,1.3212,1.595039,-0.3145623,-0.04729908,-0.9375868,0.1405149
37.69971,-3.054798,1.3212,1.595039,-0.3145623,-0.04729908,-0.9375868,0.1405149
37.74971,-3.054798,1.3212,1.595039,-0.3145623,-0.04729908,-0.9375868,0.1405149
37.79971,-3.054798,1.3212,1.595039,-0.3145623,-0.04729908,-0.9375868,0.1405149
37.84971,-3.054798,1.3212,1.595039,-0.3145623,-0.04729908,-0.9375868,0.1405149
37.89971,-3.054798,1.3212,1.595039,-0.3145623,-0.04729908,-0.9375868,0.1405149
37.94971,-3.054798,1.3212,1.595039,-0.3145623,-0.04729908,-0.9375868,0.1405149
37.99971,-3.054798,1.3212,1.595039,-0.3145623,-0.04729908,-0.9375868,0.1405149
38.04971,-3.054798,1.3212,1.595039,-0.3145623,-0.04729908,-0.9375868,0.1405149
38.0997,-3.054798,1.3212,1.595039,-0.3145623,-0.04729908,-0.9375868,0.1405149
38.1497,-3.054798,1.3212,1.595039,-0.3145623,-0.04729908,-0.9375868,0.1405149
38.1997,-3.054798,1.3212,1.595039,-0.3145623,-0.04729908,-0.9375868,0.1405149
38.2497,-3.054798,1.3212,1.595039,-0.3145623,-0.04729908,-0.9375868,0.1405149
38.2997,-3.054798,1.3212,1.595039,-0.3145623,-0.04729908,-0.9375868,0.1405149
38.3497,-3.054798,1.3212,1.595039,-0.3145623,-0.04729908,-0.9375868,0.1405149
38.3997,-3.054798,1.3212,1.595039,-0.3145623,-0.04729908,-0.9375868,0.1405149
38.4497,-3.054798,1.3212,1.595039,-0.3145623,-0.04729908,-0.9375868,0.1405149
38.4997,-3.054798,1.3212,1.595039,-0.3145623,-0.04729908,-0.9375868,0.1405149
38.5497,-3.054798,1.3212,1.595039,-0.3145623,-0.04729908,-0.9375868,0.1405149
38.5997,-3.054798,1.3212,1.595039,-0.3145623,-0.04729908,-0.9375868,0.1405149
38.6497,-3.054798,1.3212,1.595039,-0.3145623,-0.04729908,-0.9375868,0.1405149
38.6997,-3.054798,1.3212,1.595039,-0.3145623,-0.04729908,-0.9375868,0.1405149
38.74969,-3.054798,1.3212,1.595039,-0.3145623,-0.04729908,-0.9375868,0.1405149
38.79969,-3.054798,1.3212,1.595039,-0.3145623,-0.04729908,-0.9375868,0.1405149
38.84969,-3.054798,1.3212,1.595039,-0.3145623,-0.04729908,-0.9375868,0.1405149
38.89969,-3.054798,1.3212,1.595039,-0.3145623,-0.04729908,-0.9375868,0.1405149
38.94969,-3.054798,1.3212,1.595039,-0.3145623,-0.04729908,-0.9375868,0.1405149
38.99969,-3.054798,1.3212,1.595039,-0.3145623,-0.04729908,-0.9375868,0.1405149
39.04969,-3.054798,1.3212,1.595039,-0.3145623,-0.04729908,-0.9375868,0.1405149
39.09969,-3.054798,1.3212,1.595039,-0.3145623,-0.04729908,-0.9375868,0.1405149
39.14969,-3.054798,1.3212,1.595039,-0.3145623,-0.04729908,-0.9375868,0.1405149
39.19969,-3.054798,1.3212,1.595039,-0.3145623,-0.04729908,-0.9375868,0.1405149
39.24969,-3.054798,1.3212,1.595039,-0.3145623,-0.04729908,-0.9375868,0.1405149
39.29969,-3.054798,1.3212,1.595039,-0.3145623,-0.04729908,-0.9375868,0.1405149
39.34969,-3.054798,1.3212,1.595039,-0.3145623,-0.04729908,-0.9375868,0.1405149
39.39968,-3.054798,1.3212,1.595039,-0.3145623,-0.04729908,-0.9375868,0.1405149
39.44968,-3.054798,1.3212,1.595039,-0.3145623,-0.04729908,-0.9375868,0.1405149
39.49968,-3.054798,1.3212,1.595039,-0.3145623,-0.04729908,-0.9375868,0.1405149
39.54968,-3.054798,1.3212,1.595039,-0.3145623,-0.04729908,-0.9375868,0.1405149
39.59968,-3.054798,1.3212,1.595039,-0.3145623,-0.04729908,-0.9375868,0.1405149
39.64968,-3.054798,1.3212,1.595039,-0.3145623,-0.04729908,-0.9375868,0.1405149
39.69968,-3.054798,1.3212,1.595039,-0.3145623,-0.04729908,-0.9375868,0.1405149
39.74968,-3.054798,1.3212,1.595039,-0.3145623,-0.04729908,-0.9375868,0.1405149
39.79968,-3.054798,1.3212,1.595039,-0.3145623,-0.04729908,-0.9375868,0.1405149
39.84968,-3.054798,1.3212,1.595039,-0.3145623,-0.04729908,-0.9375868,0.1405149
39.89968,-3.054798,1.3212,1.595039,-0.3145623,-0.04729908,-0.9375868,0.1405149
39.94968,-3.054798,1.3212,1.595039,-0.3145623,-0.04729908,-0.9375868,0.1405149
39.99968,-3.054798,1.3212,1.595039,-0.3145623,-0.04729908,-0.9375868,0.1405149
40.04967,-3.054798,1.3212,1.595039,-0.3145623,-0.04729908,-0.9375868,0.1405149
40.09967,-3.054798,1.3212,1.595039,-0.3145623,-0.04729908,-0.9375868,0.1405149
40.14967,-3.054798,1.3212,1.595039,-0.3145623,-0.04729908,-0.9375868,0.1405149
40.19967,-3.054798,1.3212,1.595039,-0.3145623,-0.04729908,-0.9375868,0.1405149
40.24967,-3.054798,1.3212,1.595039,-0.3145623,-0.04729908,-0.9375868,0.1405149
40.29967,-3.054798,1.3212,1.595039,-0.3145623,-0.04729908,-0.9375868,0.1405149
40.34967,-3.054798,1.3212,1.595039,-0.3145623,-0.04729908,-0.9375868,0.1405149
40.39967,-3.054798,1.3212,1.595039,-0.3145623,-0.04729908,-0.9375868,0.1405149
40.44967,-3.054798,1.3212,1.595039,-0.3145623,-0.04729908,-0.9375868,0.1405149
40.49967,-3.054798,1.3212,1.595039,-0.3145623,-0.04729908,-0.9375868,0.1405149
40.54967,-3.054798,1.3212,1.595039,-0.3145623,-0.04729908,-0.9375868,0.1405149
40.59967,-3.054798,1.3212,1.595039,-0.3145623,-0.04729908,-0.9375868,0.1405149
40.64967,-3.054798,1.3212,1.595039,-0.3145623,-0.04729908,-0.9375868,0.1405149
40.69967,-3.054798,1.3212,1.595039,-0.3145623,-0.04729908,-0.9375868,0.1405149
40.74966,-3.054798,1.3212,1.595039,-0.3145623,-0.04729908,-0.9375868,0.1405149
40.79966,-3.054798,1.3212,1.595039,-0.3145623,-0.04729908,-0.9375868,0.1405149
40.84966,-3.054798,1.3212,1.595039,-0.3145623,-0.04729908,-0.9375868,0.1405149
40.89966,-3.054798,1.3212,1.595039,-0.3145623,-0.04729908,-0.9375868,0.1405149
40.94966,-3.054798,1.3212,1.595039,-0.3145623,-0.04729908,-0.9375868,0.1405149
40.99966,-3.054798,1.3212,1.595039,-0.3145623,-0.04729908,-0.9375868,0.1405149
41.04966,-3.054798,1.3212,1.595039,-0.3145623,-0.04729908,-0.9375868,0.1405149
41.09966,-3.054798,1.3212,1.595039,-0.3145623,-0.04729908,-0.9375868,0.1405149
41.14966,-3.054798,1.3212,1.595039,-0.3145623,-0.04729908,-0.9375868,0.1405149
41.19966,-3.054798,1.3212,1.595039,-0.3145623,-0.04729908,-0.9375868,0.1405149
41.24966,-3.054798,1.3212,1.595039,-0.3145623,-0.04729908,-0.9375868,0.1405149
41.29966,-3.054798,1.3212,1.595039,-0.3145623,-0.04729908,-0.9375868,0.1405149
41.34966,-3.054798,1.3212,1.595039,-0.3145623,-0.04729908,-0.9375868,0.1405149
41.39965,-3.054798,1.3212,1.595039,-0.3145623,-0.04729908,-0.9375868,0.1405149
41.44965,-3.054798,1.3212,1.595039,-0.3145623,-0.04729908,-0.9375868,0.1405149
41.49965,-3.054798,1.3212,1.595039,-0.3145623,-0.04729908,-0.9375868,0.1405149
41.54965,-3.054798,1.3212,1.595039,-0.3145623,-0.04729908,-0.9375868,0.1405149
41.59965,-3.054798,1.3212,1.595039,-0.3145623,-0.04729908,-0.9375868,0.1405149
41.64965,-3.054798,1.3212,1.595039,-0.3145623,-0.04729908,-0.9375868,0.1405149
41.69965,-3.054798,1.3212,1.595039,-0.3145623,-0.04729908,-0.9375868,0.1405149
41.74965,-3.054798,1.3212,1.595039,-0.3145623,-0.04729908,-0.9375868,0.1405149
41.79965,-3.054798,1.3212,1.595039,-0.3145623,-0.04729908,-0.9375868,0.1405149
41.84965,-3.054798,1.3212,1.595039,-0.3145623,-0.04729908,-0.9375868,0.1405149
41.89965,-3.054798,1.3212,1.595039,-0.3145623,-0.04729908,-0.9375868,0.1405149
41.94965,-3.054798,1.3212,1.595039,-0.3145623,-0.04729908,-0.9375868,0.1405149
41.99965,-3.054798,1.3212,1.595039,-0.3145623,-0.04729908,-0.9375868,0.1405149
42.04964,-3.054798,1.3212,1.595039,-0.3145623,-0.04729908,-0.9375868,0.1405149
42.09964,-3.054798,1.3212,1.595039,-0.3145623,-0.04729908,-0.9375868,0.1405149
42.14964,-3.054798,1.3212,1.595039,-0.3145623,-0.04729908,-0.9375868,0.1405149
42.19964,-3.054798,1.3212,1.595039,-0.3145623,-0.04729908,-0.9375868,0.1405149
42.24964,-3.054798,1.3212,1.595039,-0.3145623,-0.04729908,-0.9375868,0.1405149
42.29964,-3.054798,1.3212,1.595039,-0.3145623,-0.04729908,-0.9375868,0.1405149
42.34964,-3.054798,1.3212,1.595039,-0.3145623,-0.04729908,-0.9375868,0.1405149
42.39964,-3.054798,1.3212,1.595039,-0.3145623,-0.04729908,-0.9375868,0.1405149
42.44964,-3.054798,1.3212,1.595039,-0.3145623,-0.04729908,-0.9375868,0.1405149
42.49964,-3.054798,1.3212,1.595039,-0.3145623,-0.04729908,-0.9375868,0.1405149
42.54964,-3.054798,1.3212,1.595039,-0.3145623,-0.04729908,-0.9375868,0.1405149
42.59964,-3.054798,1.3212,1.595039,-0.3145623,-0.04729908,-0.9375868,0.1405149
42.64964,-3.054798,1.3212,1.595039,-0.3145623,-0.04729908,-0.9375868,0.1405149
42.69963,-3.054798,1.3212,1.595039,-0.3145623,-0.04729908,-0.9375868,0.1405149
42.74963,-3.054798,1.3212,1.595039,-0.3145623,-0.04729908,-0.9375868,0.1405149
42.79963,-3.054798,1.3212,1.595039,-0.3145623,-0.04729908,-0.9375868,0.1405149
42.84963,-3.054798,1.3212,1.595039,-0.3145623,-0.04729908,-0.9375868,0.1405149
42.89963,-3.054798,1.3212,1.595039,-0.3145623,-0.04729908,-0.9375868,0.1405149
42.94963,-3.054798,1.3212,1.595039,-0.3145623,-0.04729908,-0.9375868,0.1405149
42.99963,-3.054798,1.3212,1.595039,-0.3145623,-0.04729908,-0.9375868,0.1405149
