0.05,-0.0005164146,1.321204,0.0003361702,0.2261196,0.03757847,-0.9600992,0.1602107
0.1,-0.002081394,1.321215,0.001354218,0.2261192,0.0375784,-0.9600992,0.1602107
0.15,-0.004696369,1.321235,0.003052235,0.2261175,0.03757813,-0.9600997,0.1602106
0.2,-0.00836134,1.321262,0.005425215,0.2261129,0.03757739,-0.9601008,0.1602104
0.25,-0.01308203,1.321296,0.008470058,0.2261033,0.03757582,-0.9601032,0.1602101
0.3,-0.01885939,1.321337,0.0121789,0.2260858,0.03757297,-0.9601076,0.1602094
0.35,-0.02570009,1.321384,0.01654649,0.2260569,0.03756827,-0.9601147,0.1602083
0.4,-0.03361082,1.321437,0.02156353,0.2260126,0.03756105,-0.9601257,0.1602066
0.45,-0.04259729,1.321496,0.02721953,0.2259481,0.03755055,-0.9601417,0.1602041
0.5000001,-0.0526638,1.32156,0.03350163,0.2258581,0.03753589,-0.960164,0.1602007
0.5500001,-0.06321812,1.321624,0.0400269,0.2257437,0.03751726,-0.9601924,0.1601963
0.6000001,-0.07380009,1.321686,0.04650688,0.2256085,0.03749524,-0.9602259,0.1601911
0.6500001,-0.08440924,1.321746,0.05294132,0.2254525,0.03746985,-0.9602645,0.1601851
0.7000001,-0.09504652,1.321803,0.05933022,0.2252759,0.03744108,-0.9603083,0.1601783
0.7500001,-0.1057138,1.321857,0.0656755,0.2250783,0.03740892,-0.9603571,0.1601707
0.8000001,-0.1164088,1.32191,0.07197428,0.22486,0.03737336,-0.960411,0.1601623
0.8500001,-0.1271305,1.321959,0.07822728,0.2246208,0.03733442,-0.96047,0.1601532
0.9000002,-0.1378798,1.322007,0.08443379,0.2243609,0.03729209,-0.960534,0.1601431
0.9500002,-0.1486564,1.322052,0.09059429,0.22408,0.03724636,-0.9606032,0.1601323
1,-0.1594591,1.322095,0.09670782,0.2237784,0.03719724,-0.9606773,0.1601206
1.05,-0.170289,1.322135,0.1027746,0.2234559,0.03714472,-0.9607565,0.1601081
1.1,-0.1811485,1.322173,0.1087959,0.2231124,0.0370888,-0.9608407,0.1600949
1.15,-0.1920347,1.322209,0.1147704,0.2227481,0.03702948,-0.9609299,0.1600807
1.2,-0.2029471,1.322242,0.1206975,0.2223629,0.03696675,-0.961024,0.1600657
1.25,-0.2138863,1.322273,0.1265771,0.2219569,0.03690063,-0.961123,0.1600499
1.3,-0.2248516,1.322302,0.1324093,0.2215299,0.03683111,-0.961227,0.1600333
1.35,-0.2358437,1.322328,0.1381938,0.221082,0.03675818,-0.9613358,0.1600158
1.4,-0.246861,1.322352,0.1439307,0.2206133,0.03668185,-0.9614494,0.1599974
1.45,-0.2579045,1.322374,0.1496189,0.2201237,0.03660212,-0.9615679,0.1599782
1.5,-0.2689762,1.322393,0.155261,0.2196131,0.03651897,-0.9616911,0.1599582
1.55,-0.2800741,1.32241,0.1608546,0.2190816,0.03643243,-0.9618191,0.1599372
1.6,-0.2911978,1.322424,0.1663997,0.2185292,0.03634247,-0.9619519,0.1599154
1.649999,-0.3023462,1.322437,0.1718965,0.2179559,0.03624912,-0.9620891,0.1598928
1.699999,-0.31352,1.322447,0.1773443,0.2173618,0.03615237,-0.9622311,0.1598692
1.749999,-0.324719,1.322455,0.1827435,0.2167468,0.03605222,-0.9623776,0.1598447
1.799999,-0.3359427,1.32246,0.1880937,0.2161109,0.03594868,-0.9625287,0.1598194
1.849999,-0.3471947,1.322464,0.1933959,0.2154541,0.03584171,-0.9626843,0.1597931
1.899999,-0.3584709,1.322465,0.1986494,0.2147763,0.03573135,-0.9628444,0.159766
1.949999,-0.369772,1.322464,0.2038531,0.2140778,0.0356176,-0.9630088,0.1597379
1.999999,-0.3810973,1.322461,0.2090075,0.2133584,0.03550045,-0.9631775,0.1597089
2.049999,-0.392447,1.322455,0.2141123,0.2126183,0.03537993,-0.9633506,0.159679
2.099999,-0.4038205,1.322447,0.2191675,0.2118574,0.03525602,-0.9635279,0.1596481
2.149999,-0.4152184,1.322437,0.2241726,0.2110757,0.03512872,-0.9637093,0.1596163
2.199999,-0.4266434,1.322425,0.2291293,0.2102731,0.03499802,-0.9638949,0.1595835
2.249999,-0.4380918,1.322411,0.2340362,0.2094497,0.03486393,-0.9640846,0.1595498
2.299999,-0.4495635,1.322395,0.2388928,0.2086057,0.03472648,-0.9642783,0.1595151
2.349999,-0.4610586,1.322376,0.2436993,0.2077409,0.03458566,-0.9644759,0.1594795
2.399999,-0.4725771,1.322356,0.2484553,0.2068555,0.03444147,-0.9646774,0.1594429
2.449999,-0.4841185,1.322333,0.253161,0.2059496,0.03429393,-0.9648827,0.1594053
2.499999,-0.4956827,1.322308,0.2578161,0.205023,0.03414305,-0.9650917,0.1593667
2.549999,-0.5072727,1.322281,0.2624218,0.2040756,0.03398877,-0.9653045,0.1593271
2.599999,-0.5188851,1.322252,0.2669768,0.2031077,0.03383114,-0.9655208,0.1592864
2.649999,-0.53052,1.322221,0.271481,0.2021194,0.03367018,-0.9657407,0.1592448
2.699999,-0.5421772,1.322188,0.2759342,0.2011105,0.03350589,-0.9659641,0.1592022
2.749999,-0.5538564,1.322153,0.2803369,0.2000813,0.03333827,-0.9661908,0.1591585
2.799999,-0.5655575,1.322116,0.2846885,0.1990317,0.03316734,-0.9664208,0.1591137
2.849998,-0.5772834,1.322077,0.28899,0.1979615,0.03299305,-0.966654,0.1590679
2.899998,-0.5890303,1.322036,0.2932403,0.1968711,0.03281546,-0.9668905,0.1590211
2.949998,-0.6007991,1.321993,0.2974393,0.1957604,0.03263459,-0.9671299,0.1589732
2.999998,-0.6125889,1.321949,0.3015871,0.1946295,0.03245041,-0.9673725,0.1589242
3.049998,-0.6243992,1.321902,0.3056839,0.1934786,0.03226297,-0.9676178,0.1588741
3.099998,-0.6362305,1.321853,0.3097289,0.1923076,0.03207225,-0.9678659,0.1588229
3.149998,-0.6480827,1.321803,0.3137224,0.1911166,0.03187829,-0.9681168,0.1587707
3.199998,-0.6599579,1.32175,0.3176656,0.1899053,0.03168102,-0.9683704,0.1587173
3.249998,-0.671854,1.321696,0.3215573,0.1886742,0.03148051,-0.9686264,0.1586627
3.299998,-0.6837707,1.32164,0.3253975,0.1874232,0.03127676,-0.968885,0.1586071
3.349998,-0.6957064,1.321583,0.329186,0.1861524,0.0310698,-0.969146,0.1585503
3.399998,-0.7076616,1.321523,0.3329227,0.184862,0.03085964,-0.969409,0.1584924
3.449998,-0.7196369,1.321462,0.3366077,0.1835521,0.03064629,-0.9696743,0.1584333
3.499998,-0.7316337,1.321399,0.3402421,0.1822223,0.0304297,-0.9699418,0.1583731
3.549998,-0.74365,1.321334,0.3438246,0.180873,0.03020995,-0.9702112,0.1583117
3.599998,-0.7556849,1.321268,0.3473554,0.1795044,0.02998704,-0.9704825,0.1582491
3.649998,-0.7677388,1.3212,0.3508344,0.1781166,0.029761,-0.9707555,0.1581853
3.699998,-0.7798119,1.321131,0.3542616,0.1767095,0.02953182,-0.9710302,0.1581203
3.749998,-0.7919025,1.32106,0.3576369,0.1752833,0.02929954,-0.9713064,0.1580541
3.799998,-0.8040118,1.320987,0.3609605,0.1738382,0.02906416,-0.9715841,0.1579867
3.849998,-0.8161416,1.320913,0.364233,0.1723738,0.02882564,-0.9718633,0.157918
3.899997,-0.8282895,1.320837,0.3674538,0.1708906,0.02858406,-0.9721437,0.1578482
3.949997,-0.8404546,1.32076,0.3706226,0.1693887,0.02833944,-0.9724252,0.1577771
3.999997,-0.8526368,1.320681,0.3737395,0.1678683,0.02809179,-0.9727077,0.1577047
4.049997,-0.8648367,1.320601,0.3768046,0.1663294,0.02784113,-0.9729912,0.1576311
4.099998,-0.8770561,1.32052,0.3798189,0.1647718,0.02758742,-0.9732755,0.1575562
4.149998,-0.8892922,1.320437,0.3827813,0.1631959,0.02733074,-0.9735606,0.1574801
4.199998,-0.9015446,1.320353,0.3856919,0.161602,0.0270711,-0.9738462,0.1574026
4.249998,-0.9138141,1.320268,0.3885508,0.1599901,0.02680855,-0.9741323,0.1573239
4.299998,-0.9260993,1.320181,0.3913577,0.1583602,0.02654306,-0.9744188,0.1572439
4.349998,-0.9384031,1.320093,0.3941138,0.1567123,0.02627464,-0.9747055,0.1571626
4.399999,-0.9507227,1.320004,0.3968182,0.1550469,0.02600335,-0.9749924,0.15708
4.449999,-0.963058,1.319913,0.399471,0.1533639,0.02572921,-0.9752794,0.156996
4.499999,-0.9754086,1.319822,0.4020724,0.1516637,0.02545225,-0.9755661,0.1569108
4.549999,-0.9877744,1.31973,0.4046221,0.1499463,0.02517251,-0.9758528,0.1568242
4.599999,-1.000155,1.319636,0.4071202,0.148212,0.02488999,-0.9761391,0.1567363
4.65,-1.012553,1.319541,0.4095676,0.1464604,0.02460466,-0.9764249,0.1566471
4.7,-1.024965,1.319446,0.4119637,0.1446922,0.02431662,-0.9767103,0.1565565
4.75,-1.037392,1.319349,0.4143085,0.1429075,0.0240259,-0.9769949,0.1564645
4.8,-1.049832,1.319252,0.4166019,0.1411064,0.0237325,-0.9772788,0.1563712
4.85,-1.062287,1.319154,0.4188442,0.1392893,0.02343648,-0.9775617,0.1562766
4.900001,-1.074758,1.319054,0.4210358,0.1374557,0.02313778,-0.9778437,0.1561806
4.950001,-1.087242,1.318954,0.4231765,0.1356064,0.02283652,-0.9781244,0.1560832
5.000001,-1.099739,1.318854,0.4252663,0.1337415,0.02253271,-0.978404,0.1559844
5.050001,-1.112249,1.318752,0.4273052,0.1318612,0.0222264,-0.9786822,0.1558844
5.100001,-1.124775,1.31865,0.4292936,0.1299654,0.02191754,-0.9789588,0.1557828
5.150002,-1.137314,1.318548,0.4312315,0.1280544,0.02160622,-0.9792339,0.15568
5.200002,-1.149865,1.318445,0.4331188,0.1261287,0.0212925,-0.9795072,0.1555757
5.250002,-1.162427,1.318341,0.4349558,0.1241885,0.02097641,-0.9797787,0.1554701
5.300002,-1.175002,1.318237,0.4367423,0.122234,0.02065799,-0.9800482,0.1553631
5.350002,-1.187591,1.318132,0.4384787,0.120265,0.0203372,-0.9803156,0.1552548
5.400002,-1.200191,1.318027,0.440165,0.118282,0.02001414,-0.9805809,0.155145
5.450003,-1.212803,1.317922,0.4418015,0.1162855,0.01968886,-0.9808437,0.1550338
5.500003,-1.225426,1.317816,0.4433882,0.1142756,0.0193614,-0.9811043,0.1549214
5.550003,-1.238062,1.317711,0.4449253,0.1122521,0.01903173,-0.9813623,0.1548075
5.600003,-1.250709,1.317605,0.4464128,0.1102158,0.01869995,-0.9816176,0.1546922
5.650003,-1.263366,1.317499,0.4478505,0.1081668,0.01836612,-0.9818702,0.1545756
5.700004,-1.276033,1.317392,0.449239,0.1061055,0.01803028,-0.9821199,0.1544576
5.750004,-1.288713,1.317286,0.4505787,0.1040318,0.01769241,-0.9823665,0.1543382
5.800004,-1.301403,1.317181,0.4518692,0.1019462,0.0173526,-0.9826102,0.1542175
5.850004,-1.314102,1.317075,0.4531109,0.09984923,0.01701093,-0.9828506,0.1540955
5.900004,-1.32681,1.316969,0.4543037,0.097741,0.01666742,-0.9830877,0.1539721
5.950005,-1.33953,1.316864,0.4554484,0.09562156,0.01632209,-0.9833215,0.1538474
6.000005,-1.35226,1.316759,0.4565444,0.09349144,0.01597501,-0.9835517,0.1537213
6.050005,-1.364997,1.316654,0.4575922,0.09135111,0.01562626,-0.9837783,0.1535939
6.100005,-1.377746,1.31655,0.4585922,0.08920048,0.01527583,-0.9840012,0.1534652
6.150005,-1.390502,1.316446,0.4595444,0.08704016,0.01492382,-0.9842203,0.1533352
6.200006,-1.403267,1.316343,0.460449,0.08487068,0.01457032,-0.9844355,0.153204
6.250006,-1.41604,1.316241,0.4613061,0.08269222,0.01421534,-0.9846467,0.1530714
6.300006,-1.428823,1.316139,0.4621158,0.08050492,0.01385893,-0.9848538,0.1529376
6.350006,-1.441613,1.316038,0.4628787,0.07830942,0.01350117,-0.9850568,0.1528025
6.400006,-1.45441,1.315938,0.4635947,0.0761061,0.01314213,-0.9852553,0.1526662
6.450006,-1.467216,1.31584,0.4642642,0.07389507,0.01278184,-0.9854497,0.1525287
6.500007,-1.480029,1.315742,0.4648871,0.07167704,0.0124204,-0.9856396,0.15239
6.550007,-1.492848,1.315645,0.4654641,0.06945248,0.01205789,-0.9858249,0.1522502
6.600007,-1.505676,1.31555,0.4659953,0.0672213,0.0116943,-0.9860058,0.1521091
6.650007,-1.518511,1.315456,0.4664807,0.06498434,0.01132976,-0.9861819,0.1519669
6.700007,-1.531351,1.315364,0.4669206,0.06274206,0.01096435,-0.9863533,0.1518237
6.750008,-1.544199,1.315273,0.4673157,0.06049457,0.01059809,-0.9865199,0.1516793
6.800008,-1.557053,1.315183,0.4676657,0.05824274,0.01023112,-0.9866816,0.1515338
6.850008,-1.569911,1.315096,0.4679713,0.055987,0.009863507,-0.9868383,0.1513873
6.900008,-1.582777,1.31501,0.4682324,0.05372746,0.009495271,-0.9869902,0.1512398
6.950008,-1.595648,1.314926,0.4684498,0.05146499,0.009126554,-0.987137,0.1510914
7.000009,-1.608523,1.314845,0.4686232,0.04920011,0.008757443,-0.9872787,0.150942
7.050009,-1.621405,1.314765,0.4687533,0.04693303,0.008387965,-0.9874152,0.1507916
7.100009,-1.63429,1.314688,0.4688406,0.04466467,0.008018278,-0.9875466,0.1506404
7.150009,-1.647182,1.314613,0.4688849,0.04239516,0.007648397,-0.9876727,0.1504883
7.200009,-1.660078,1.314541,0.4688871,0.04012542,0.007278476,-0.9877937,0.1503354
7.25001,-1.67298,1.314472,0.468847,0.03785573,0.006908559,-0.9879093,0.1501818
7.30001,-1.685884,1.314405,0.4687655,0.03558708,0.006538805,-0.9880195,0.1500274
7.35001,-1.698792,1.314342,0.4686425,0.03332017,0.006169334,-0.9881245,0.1498723
7.40001,-1.711704,1.314281,0.4684789,0.03105522,0.005800176,-0.9882241,0.1497166
7.45001,-1.724618,1.314224,0.4682746,0.02879325,0.005431505,-0.9883184,0.1495604
7.50001,-1.737538,1.314171,0.4680305,0.02653465,0.005063373,-0.9884073,0.1494035
7.550011,-1.750459,1.314121,0.4677467,0.02428048,0.004695961,-0.9884908,0.1492463
7.600011,-1.763385,1.314074,0.4674237,0.02203107,0.004329322,-0.988569,0.1490885
7.650011,-1.776312,1.314032,0.467062,0.01978758,0.003963645,-0.9886417,0.1489305
7.700011,-1.789242,1.313994,0.4666622,0.01755053,0.003599014,-0.9887092,0.1487721
7.750011,-1.802176,1.31396,0.4662247,0.01532072,0.003235557,-0.9887714,0.1486134
7.800012,-1.815111,1.313931,0.46575,0.01309933,0.002873469,-0.9888283,0.1484547
7.850012,-1.828048,1.313907,0.4652386,0.01088691,0.002512841,-0.9888799,0.1482957
7.900012,-1.840986,1.313887,0.4646914,0.00868472,0.002153876,-0.9889264,0.1481369
7.950012,-1.853927,1.313873,0.4641087,0.006493365,0.001796672,-0.9889678,0.147978
8.000012,-1.866867,1.313865,0.4634914,0.004314228,0.00144146,-0.9890039,0.1478193
8.050013,-1.879808,1.313862,0.4628396,0.002148168,0.001088372,-0.9890351,0.1476609
8.100013,-1.892751,1.313865,0.4621546,-3.852396E-06,0.0007375689,-0.9890614,0.1475027
8.150013,-1.905694,1.313874,0.4614367,-0.002140411,0.0003892842,-0.9890827,0.147345
8.200013,-1.918637,1.31389,0.4606869,-0.004260597,4.366668E-05,-0.9890994,0.1471879
8.250013,-1.931581,1.313913,0.4599056,-0.006363158,-0.0002990836,-0.9891113,0.1470313
8.300014,-1.944525,1.313943,0.4590945,-0.008446605,-0.0006387222,-0.9891187,0.1468755
8.350014,-1.957468,1.313981,0.4582536,-0.01050951,-0.0009750126,-0.9891216,0.1467206
8.400014,-1.970409,1.314026,0.4573841,-0.01255064,-0.001307756,-0.9891203,0.1465667
8.450014,-1.983351,1.31408,0.4564869,-0.01456829,-0.001636678,-0.9891148,0.146414
8.500014,-1.996291,1.314143,0.4555633,-0.01656103,-0.001961537,-0.9891053,0.1462625
8.550014,-2.009231,1.314215,0.4546144,-0.01852703,-0.002282043,-0.9890918,0.1461125
8.600015,-2.022168,1.314296,0.4536409,-0.02046454,-0.002597911,-0.9890748,0.145964
8.650015,-2.035104,1.314388,0.4526446,-0.02237152,-0.0029088,-0.9890543,0.1458174
8.700015,-2.048037,1.31449,0.4516263,-0.02424604,-0.003214401,-0.9890304,0.1456727
8.750015,-2.060967,1.314603,0.450588,-0.02608589,-0.003514354,-0.9890036,0.1455301
8.800015,-2.073895,1.314728,0.4495308,-0.02788868,-0.003808262,-0.9889739,0.1453899
8.850016,-2.08682,1.314866,0.4484565,-0.029652,-0.004095743,-0.9889417,0.1452524
8.900016,-2.099741,1.315017,0.4473665,-0.03137339,-0.004376393,-0.9889072,0.1451176
8.950016,-2.112659,1.315181,0.4462628,-0.03304971,-0.004649691,-0.9888707,0.1449859
9.000016,-2.125572,1.315361,0.445148,-0.03467795,-0.00491515,-0.9888324,0.1448576
9.050016,-2.138479,1.315555,0.4440238,-0.03625459,-0.005172205,-0.9887928,0.144733
9.100017,-2.151381,1.315767,0.4428928,-0.03777622,-0.005420294,-0.9887522,0.1446123
9.150017,-2.164273,1.315995,0.4417577,-0.03923848,-0.0056587,-0.9887109,0.1444961
9.200017,-2.177154,1.316242,0.4406214,-0.0406371,-0.005886733,-0.9886693,0.1443846
9.250017,-2.190023,1.316509,0.4394875,-0.04196736,-0.006103621,-0.988628,0.1442782
9.300017,-2.202878,1.316797,0.438359,-0.04322405,-0.006308514,-0.9885873,0.1441775
9.350018,-2.215713,1.317107,0.4372406,-0.04440137,-0.00650047,-0.9885476,0.1440829
9.400018,-2.228526,1.317441,0.4361362,-0.04549304,-0.006678464,-0.9885096,0.1439951
9.450018,-2.24131,1.3178,0.4350512,-0.04649209,-0.006841358,-0.9884738,0.1439145
9.500018,-2.254057,1.318186,0.4339912,-0.04739077,-0.006987882,-0.9884406,0.1438419
9.550018,-2.266756,1.3186,0.4329627,-0.04818059,-0.007116662,-0.9884108,0.143778
9.600019,-2.279392,1.319045,0.431973,-0.04885224,-0.007226174,-0.9883849,0.1437235
9.650019,-2.291942,1.319522,0.43103,-0.04939571,-0.007314789,-0.9883637,0.1436795
9.700019,-2.304375,1.320031,0.4301443,-0.04980043,-0.007380776,-0.9883476,0.1436466
9.750019,-2.316648,1.320574,0.4293256,-0.05005582,-0.007422413,-0.9883375,0.1436258
9.800019,-2.328696,1.32115,0.4285862,-0.0501521,-0.007438113,-0.9883336,0.143618
9.850019,-2.329495,1.32119,0.4285393,-0.05015266,-0.007438205,-0.9883336,0.143618
9.90002,-2.329614,1.321196,0.4285328,-0.05015266,-0.007438205,-0.9883336,0.143618
9.95002,-2.329495,1.32119,0.4285393,-0.05015266,-0.007438205,-0.9883336,0.143618
10.00002,-2.329614,1.321196,0.4285328,-0.05015266,-0.007438205,-0.9883336,0.143618
10.05002,-0.01207304,1.321723,-0.0003356934,-0.05013592,-0.007435818,-0.9883355,0.143611
10.10002,-0.02481699,1.322118,2.0504E-05,-0.05008539,-0.007428611,-0.9883412,0.1435901
10.15002,-0.03811407,1.322383,0.00106144,-0.05000177,-0.007416685,-0.9883505,0.1435554
10.20002,-0.05194998,1.322522,0.002772808,-0.04988578,-0.007400141,-0.9883634,0.1435074
10.25002,-0.06631327,1.322539,0.005139589,-0.04973808,-0.007379076,-0.9883799,0.1434462
10.30002,-0.08119631,1.322437,0.008147717,-0.0495594,-0.007353591,-0.9883999,0.1433722
10.35002,-0.09658861,1.322221,0.01178265,-0.0493504,-0.007323784,-0.9884231,0.1432856
10.40002,-0.1124792,1.321893,0.0160296,-0.04911181,-0.007289755,-0.9884495,0.1431867
10.45002,-0.1288204,1.32146,0.02086234,-0.04884497,-0.007251699,-0.9884791,0.1430761
10.50002,-0.1453123,1.320935,0.02616668,-0.04855596,-0.007210477,-0.9885109,0.1429563
10.55002,-0.1618047,1.320332,0.03185582,-0.04824915,-0.00716672,-0.9885446,0.1428291
10.60002,-0.1782494,1.319662,0.03787398,-0.04792729,-0.007120815,-0.9885799,0.1426957
10.65002,-0.1946239,1.318934,0.04417706,-0.04759244,-0.007073057,-0.9886164,0.1425569
10.70002,-0.2109213,1.318154,0.05073094,-0.04724623,-0.00702368,-0.9886541,0.1424133
10.75002,-0.2271385,1.317331,0.0575068,-0.04688997,-0.006972868,-0.9886926,0.1422656
10.80002,-0.2432785,1.316468,0.06448102,-0.04652474,-0.006920777,-0.9887321,0.1421141
10.85002,-0.2593389,1.315571,0.07163167,-0.04615157,-0.006867555,-0.9887722,0.1419594
10.90002,-0.2753272,1.314643,0.07894278,-0.04577117,-0.006813301,-0.9888129,0.1418015
10.95002,-0.2912469,1.313688,0.08639979,-0.04538421,-0.006758112,-0.9888541,0.141641
11.00002,-0.3071017,1.31271,0.09398937,-0.0449913,-0.006702072,-0.9888958,0.1414779
11.05002,-0.3228955,1.31171,0.1017001,-0.04459294,-0.006645256,-0.9889378,0.1413126
11.10002,-0.3386331,1.310691,0.1095228,-0.04418957,-0.006587725,-0.9889803,0.1411452
11.15002,-0.3543158,1.309656,0.1174467,-0.04378164,-0.006529544,-0.989023,0.1409758
11.20002,-0.3699479,1.308606,0.1254652,-0.04336948,-0.006470759,-0.9890658,0.1408047
11.25002,-0.3855329,1.307542,0.1335707,-0.04295342,-0.006411419,-0.989109,0.1406319
11.30002,-0.4010711,1.306468,0.1417553,-0.04253381,-0.006351572,-0.9891522,0.1404576
11.35003,-0.4165668,1.305383,0.1500144,-0.04211088,-0.006291251,-0.9891956,0.1402819
11.40003,-0.4320226,1.30429,0.1583419,-0.04168487,-0.006230492,-0.9892392,0.1401049
11.45003,-0.4474397,1.30319,0.1667335,-0.04125603,-0.006169328,-0.9892828,0.1399267
11.50003,-0.4628205,1.302083,0.1751833,-0.04082455,-0.006107787,-0.9893264,0.1397474
11.55003,-0.4781675,1.300972,0.1836882,-0.04039063,-0.0060459,-0.98937,0.1395671
11.60003,-0.4934821,1.299856,0.1922438,-0.03995444,-0.005983687,-0.9894137,0.1393857
11.65003,-0.5087676,1.298737,0.2008476,-0.03951609,-0.005921166,-0.9894573,0.1392035
11.70003,-0.524024,1.297615,0.2094951,-0.03907581,-0.005858371,-0.9895009,0.1390204
11.75003,-0.5392523,1.296492,0.2181828,-0.03863372,-0.005795317,-0.9895445,0.1388365
11.80003,-0.5544543,1.295368,0.226908,-0.03818996,-0.005732026,-0.989588,0.1386519
11.85003,-0.569634,1.294244,0.2356694,-0.0377446,-0.005668505,-0.9896314,0.1384666
11.90003,-0.5847898,1.29312,0.244463,-0.0372978,-0.005604779,-0.9896746,0.1382807
11.95003,-0.5999227,1.291998,0.2532864,-0.03684968,-0.005540865,-0.9897178,0.1380942
12.00003,-0.615037,1.290877,0.2621386,-0.03640028,-0.005476768,-0.9897609,0.1379071
12.05003,-0.6301308,1.289759,0.2710156,-0.03594977,-0.005412512,-0.9898039,0.1377196
12.10003,-0.6452084,1.288643,0.2799175,-0.03549815,-0.005348099,-0.9898466,0.1375316
12.15003,-0.6602674,1.287531,0.2888408,-0.03504561,-0.005283553,-0.9898893,0.1373431
12.20003,-0.6753116,1.286423,0.2977848,-0.03459212,-0.005218874,-0.9899317,0.1371542
12.25003,-0.6903419,1.28532,0.3067479,-0.0341378,-0.005154075,-0.9899741,0.136965
12.30003,-0.7053576,1.284221,0.3157268,-0.03368277,-0.005089175,-0.9900162,0.1367754
12.35003,-0.7203588,1.283128,0.3247204,-0.03322712,-0.005024186,-0.9900581,0.1365855
12.40003,-0.7353492,1.282041,0.3337283,-0.03277082,-0.004959105,-0.9900998,0.1363953
12.45003,-0.750329,1.28096,0.3427494,-0.03231395,-0.004893942,-0.9901415,0.1362049
12.50003,-0.7652969,1.279886,0.3517799,-0.03185666,-0.004828719,-0.9901828,0.1360142
12.55003,-0.7802563,1.278818,0.3608208,-0.03139893,-0.004763433,-0.9902239,0.1358234
12.60003,-0.795208,1.277759,0.3698707,-0.0309408,-0.004698091,-0.9902648,0.1356323
12.65003,-0.8101525,1.276707,0.3789277,-0.03048235,-0.004632701,-0.9903055,0.1354411
12.70003,-0.825088,1.275663,0.38799,-0.0300237,-0.004567285,-0.990346,0.1352497
12.75003,-0.8400183,1.274629,0.3970573,-0.02956482,-0.004501835,-0.9903862,0.1350583
12.80003,-0.8549433,1.273603,0.4061286,-0.02910577,-0.00443636,-0.9904262,0.1348667
12.85003,-0.8698611,1.272587,0.4152012,-0.02864669,-0.004370882,-0.990466,0.1346751
12.90003,-0.8847756,1.271581,0.4242754,-0.02818754,-0.004305393,-0.9905055,0.1344834
12.95003,-0.8996873,1.270585,0.4333506,-0.02772837,-0.004239901,-0.9905447,0.1342917
13.00003,-0.9145966,1.2696,0.4424257,-0.0272692,-0.004174409,-0.9905838,0.1341
13.05003,-0.9295039,1.268626,0.4514992,-0.02681012,-0.00410893,-0.9906225,0.1339082
13.10003,-0.9444075,1.267663,0.4605689,-0.02635123,-0.004043479,-0.990661,0.1337166
13.15003,-0.9593105,1.266712,0.4696355,-0.02589251,-0.003978051,-0.9906992,0.1335249
13.20003,-0.9742136,1.265773,0.4786975,-0.02543398,-0.003912651,-0.9907371,0.1333333
13.25003,-0.9891171,1.264847,0.4877543,-0.02497571,-0.003847286,-0.9907748,0.1331418
13.30003,-1.004022,1.263933,0.496805,-0.02451773,-0.003781964,-0.9908121,0.1329503
13.35003,-1.018929,1.263033,0.5058486,-0.02406008,-0.003716689,-0.9908493,0.132759
13.40003,-1.033835,1.262146,0.5148826,-0.02360289,-0.003651479,-0.9908861,0.1325679
13.45003,-1.048744,1.261274,0.5239077,-0.02314611,-0.003586327,-0.9909226,0.1323768
13.50003,-1.063657,1.260415,0.5329227,-0.02268979,-0.003521242,-0.9909589,0.132186
13.55003,-1.078573,1.259572,0.5419271,-0.02223397,-0.003456227,-0.9909949,0.1319953
13.60003,-1.093494,1.258744,0.5509198,-0.02177868,-0.003391289,-0.9910306,0.1318048
13.65003,-1.108421,1.257931,0.5598998,-0.02132399,-0.003326434,-0.991066,0.1316145
13.70003,-1.123353,1.257134,0.5688663,-0.02086992,-0.003261668,-0.9911011,0.1314245
13.75003,-1.13829,1.256354,0.5778182,-0.02041651,-0.003196998,-0.9911359,0.1312347
13.80003,-1.153235,1.25559,0.5867548,-0.01996381,-0.003132428,-0.9911705,0.1310452
13.85003,-1.168186,1.254844,0.5956752,-0.01951186,-0.003067965,-0.9912046,0.1308559
13.90003,-1.183146,1.254115,0.6045785,-0.0190607,-0.003003614,-0.9912385,0.130667
13.95004,-1.198114,1.253405,0.6134634,-0.01861037,-0.002939381,-0.9912722,0.1304784
14.00004,-1.213091,1.252713,0.6223295,-0.01816092,-0.002875275,-0.9913054,0.13029
14.05004,-1.228077,1.25204,0.6311753,-0.01771239,-0.002811299,-0.9913384,0.1301021
14.10004,-1.243073,1.251387,0.6400001,-0.01726482,-0.00274746,-0.9913711,0.1299146
14.15004,-1.25808,1.250754,0.648803,-0.01681825,-0.002683765,-0.9914034,0.1297274
14.20004,-1.273097,1.250141,0.657583,-0.01637275,-0.002620221,-0.9914355,0.1295406
14.25004,-1.288127,1.249549,0.6663389,-0.01592834,-0.002556833,-0.9914672,0.1293543
14.30004,-1.303169,1.248979,0.6750698,-0.01548507,-0.002493606,-0.9914986,0.1291684
14.35004,-1.318223,1.24843,0.6837749,-0.01504299,-0.00243055,-0.9915297,0.128983
14.40004,-1.333291,1.247905,0.6924527,-0.01460215,-0.002367672,-0.9915605,0.1287981
14.45004,-1.348372,1.247402,0.7011025,-0.0141626,-0.002304977,-0.991591,0.1286137
14.50004,-1.363469,1.246923,0.709723,-0.01372438,-0.002242472,-0.9916211,0.1284299
14.55004,-1.378581,1.246469,0.718313,-0.01328756,-0.002180165,-0.9916509,0.1282465
14.60004,-1.393708,1.246039,0.7268715,-0.01285219,-0.002118065,-0.9916804,0.1280638
14.65004,-1.408852,1.245635,0.7353976,-0.0124183,-0.002056178,-0.9917095,0.1278817
14.70004,-1.424013,1.245257,0.7438893,-0.01198596,-0.00199451,-0.9917384,0.1277002
14.75004,-1.439194,1.244906,0.7523477,-0.01155516,-0.001933062,-0.9917669,0.1275193
14.80004,-1.454394,1.244583,0.7607694,-0.01112602,-0.001871852,-0.9917951,0.127339
14.85004,-1.469613,1.244288,0.7691536,-0.01069861,-0.001810887,-0.9918229,0.1271595
14.90004,-1.484852,1.244021,0.7774987,-0.01027298,-0.001750177,-0.9918505,0.1269807
14.95004,-1.500112,1.243785,0.7858031,-0.009849189,-0.001689729,-0.9918776,0.1268027
15.00004,-1.515392,1.243579,0.7940657,-0.009427319,-0.001629555,-0.9919045,0.1266254
15.05004,-1.530695,1.243405,0.802285,-0.009007435,-0.001569664,-0.991931,0.1264489
15.10004,-1.546024,1.243263,0.8104608,-0.008589527,-0.001510055,-0.9919572,0.1262732
15.15004,-1.561376,1.243154,0.8185899,-0.008173738,-0.001450747,-0.991983,0.1260984
15.20004,-1.576753,1.243079,0.8266709,-0.007760153,-0.001391755,-0.9920085,0.1259245
15.25004,-1.592155,1.243039,0.834702,-0.007348846,-0.001333088,-0.9920337,0.1257516
15.30004,-1.607586,1.243035,0.8426826,-0.006939824,-0.001274746,-0.9920585,0.1255796
15.35004,-1.623044,1.243068,0.85061,-0.006533244,-0.001216752,-0.992083,0.1254085
15.40004,-1.63853,1.24314,0.8584819,-0.006129189,-0.001159118,-0.992107,0.1252385
15.45004,-1.654045,1.24325,0.8662963,-0.005727759,-0.001101859,-0.9921309,0.1250696
15.50004,-1.669593,1.243402,0.8740528,-0.005328971,-0.001044977,-0.9921542,0.1249018
15.55004,-1.685173,1.243594,0.8817475,-0.004932986,-0.000988494,-0.9921773,0.1247351
15.60004,-1.700784,1.24383,0.8893781,-0.00453993,-0.000932429,-0.9922,0.1245697
15.65004,-1.716432,1.24411,0.8969438,-0.004149817,-0.0008767839,-0.9922224,0.1244054
15.70004,-1.732114,1.244436,0.9044406,-0.003762844,-0.0008215869,-0.9922445,0.1242425
15.75004,-1.747832,1.244809,0.9118667,-0.003379127,-0.0007668531,-0.9922661,0.1240809
15.80004,-1.763589,1.245232,0.9192193,-0.00299872,-0.0007125926,-0.9922873,0.1239207
15.85004,-1.779385,1.245704,0.9264951,-0.002621831,-0.0006588336,-0.9923083,0.123762
15.90004,-1.795223,1.246229,0.933692,-0.002248524,-0.0006055851,-0.9923288,0.1236047
15.95004,-1.811103,1.246808,0.9408057,-0.001878995,-0.0005528759,-0.992349,0.123449
16.00004,-1.827028,1.247442,0.9478338,-0.001513363,-0.0005007223,-0.9923688,0.1232949
16.05004,-1.842998,1.248135,0.9547722,-0.001151831,-0.0004491537,-0.9923882,0.1231426
16.10004,-1.859013,1.248888,0.9616168,-0.0007945729,-0.0003981947,-0.9924072,0.122992
16.15004,-1.875079,1.249704,0.9683645,-0.0004417177,-0.0003478631,-0.9924259,0.1228432
16.20004,-1.891198,1.250584,0.9750116,-9.344065E-05,-0.0002981849,-0.9924442,0.1226964
16.25004,-1.907368,1.251531,0.9815521,0.0002499789,-0.0002491997,-0.9924621,0.1225516
16.30004,-1.923594,1.252549,0.9879825,0.0005883956,-0.0002009279,-0.9924795,0.1224089
16.35004,-1.939877,1.25364,0.9942968,0.0009215043,-0.0001534134,-0.9924966,0.1222684
16.40004,-1.956221,1.254808,1.00049,0.00124913,-0.0001066804,-0.9925134,0.1221302
16.45004,-1.972627,1.256054,1.006557,0.001571005,-6.076785E-05,-0.9925296,0.1219944
16.50003,-1.989101,1.257385,1.012491,0.001886837,-1.571775E-05,-0.9925454,0.1218612
16.55003,-2.00564,1.258801,1.018286,0.002196283,2.8422E-05,-0.9925607,0.1217306
16.60003,-2.022252,1.260309,1.023933,0.00249905,7.160904E-05,-0.9925757,0.1216028
16.65003,-2.038939,1.261913,1.029426,0.0027948,0.000113795,-0.9925902,0.121478
16.70003,-2.055704,1.263617,1.034756,0.00308315,0.0001549258,-0.9926042,0.1213563
16.75003,-2.072552,1.265426,1.039915,0.003363683,0.0001949411,-0.9926178,0.1212379
16.80003,-2.089486,1.267346,1.044892,0.003635948,0.0002337775,-0.9926308,0.1211229
16.85003,-2.106511,1.269384,1.049677,0.003899462,0.0002713657,-0.9926434,0.1210117
16.90003,-2.123634,1.271546,1.054258,0.004153718,0.0003076327,-0.9926555,0.1209043
16.95003,-2.140858,1.273839,1.058623,0.004398106,0.0003424927,-0.992667,0.1208011
17.00003,-2.158188,1.276271,1.062757,0.004631963,0.000375851,-0.9926779,0.1207024
17.05003,-2.175633,1.278852,1.066644,0.004854638,0.0004076126,-0.9926882,0.1206083
17.10003,-2.193198,1.281591,1.070268,0.00506529,0.000437661,-0.992698,0.1205194
17.15002,-2.210891,1.284499,1.073609,0.00526308,0.0004658736,-0.9927071,0.1204358
17.20002,-2.228719,1.287588,1.076646,0.005446993,0.0004921077,-0.9927155,0.1203581
17.25002,-2.246695,1.290872,1.079354,0.005615972,0.0005162109,-0.9927232,0.1202868
17.30002,-2.264827,1.294366,1.081707,0.005768749,0.0005380035,-0.9927301,0.1202222
17.35002,-2.283129,1.298088,1.083674,0.005903946,0.000557288,-0.9927363,0.1201651
17.40002,-2.299737,1.301645,1.085084,0.006009117,0.0005722898,-0.992741,0.1201207
17.45002,-2.315157,1.305108,1.086054,0.006091016,0.0005839726,-0.9927446,0.120086
17.50002,-2.329361,1.308443,1.086645,0.006152322,0.0005927175,-0.9927474,0.1200601
17.55002,-2.342322,1.311613,1.086917,0.00619584,0.0005989249,-0.9927494,0.1200418
17.60002,-2.354013,1.314582,1.086934,0.006224421,0.0006030016,-0.9927506,0.1200297
17.65002,-2.364406,1.31731,1.086758,0.006240977,0.000605363,-0.9927514,0.1200227
17.70002,-2.373474,1.319763,1.086453,0.006248325,0.0006064116,-0.9927517,0.1200196
17.75002,-2.378275,1.32109,1.086232,0.006249461,0.0006065737,-0.9927518,0.1200191
17.80001,-2.378474,1.321145,1.086222,0.006249465,0.0006065737,-0.9927518,0.1200191
17.85001,-2.378275,1.32109,1.086232,0.006249461,0.0006065737,-0.9927518,0.1200191
17.90001,-2.378474,1.321145,1.086222,0.006249465,0.0006065737,-0.9927518,0.1200191
17.95001,-2.378275,1.32109,1.086232,0.006249461,0.0006065737,-0.9927518,0.1200191
18.00001,-2.378657,1.321196,1.086213,0.006249465,0.0006065737,-0.9927518,0.1200191
18.05001,-0.0006146431,1.321371,-3.147125E-05,0.006249396,0.0006065634,-0.9927518,0.1200191
18.10001,-0.002479076,1.321887,-0.0001280308,0.00624826,0.000606399,-0.9927518,0.1200192
18.15001,-0.005591869,1.322739,-0.0002915859,0.006243354,0.0006056888,-0.9927517,0.1200196
18.20001,-0.01985908,1.326488,-0.001088858,0.006174613,0.0005957379,-0.9927514,0.1200257
18.25001,-0.03412032,1.329999,-0.001957178,0.006034768,0.000575494,-0.9927508,0.120038
18.30001,-0.04837751,1.333294,-0.002891302,0.005829625,0.0005457978,-0.9927499,0.1200561
18.35001,-0.06263256,1.336388,-0.0038867,0.005564216,0.0005073774,-0.9927486,0.1200795
18.40001,-0.07688332,1.339296,-0.004938602,0.005243034,0.0004608835,-0.9927469,0.1201079
18.45,-0.09112906,1.342031,-0.006043434,0.004870047,0.0004068905,-0.9927449,0.1201407
18.5,-0.105372,1.344605,-0.007198095,0.004448707,0.0003458979,-0.9927424,0.1201778
18.55,-0.1196122,1.347029,-0.008399487,0.003982161,0.0002783614,-0.9927394,0.1202189
18.6,-0.1338472,1.349312,-0.009644985,0.003473308,0.0002047008,-0.9927359,0.1202636
18.65,-0.1480789,1.351463,-0.01093245,0.002924618,0.0001252734,-0.9927319,0.1203118
18.7,-0.1623077,1.353489,-0.01225924,0.002338412,4.041549E-05,-0.9927271,0.1203633
18.75,-0.1765335,1.355397,-0.01362324,0.00171678,-4.957055E-05,-0.9927219,0.1204179
18.8,-0.1907558,1.357193,-0.01502323,0.001061649,-0.0001444057,-0.9927158,0.1204753
18.85,-0.2049749,1.358885,-0.01645708,0.0003747812,-0.0002438349,-0.9927089,0.1205354
18.9,-0.2191904,1.360476,-0.01792383,-0.0003422071,-0.0003476241,-0.9927013,0.1205982
18.95,-0.2334054,1.361973,-0.01942158,-0.001087958,-0.0004555766,-0.9926928,0.1206633
19,-0.2476168,1.363379,-0.02094889,-0.001860989,-0.0005674781,-0.9926834,0.1207308
19.05,-0.2618248,1.364699,-0.02250504,-0.002660002,-0.0006831404,-0.992673,0.1208005
19.09999,-0.2760293,1.365937,-0.02408862,-0.003483816,-0.0008023924,-0.9926616,0.1208722
19.14999,-0.2902329,1.367096,-0.0256989,-0.004331492,-0.0009250986,-0.9926492,0.120946
19.19999,-0.3044329,1.36818,-0.02733469,-0.005201838,-0.001051086,-0.9926357,0.1210216
19.24999,-0.3186293,1.369193,-0.0289948,-0.006093902,-0.001180217,-0.992621,0.121099
19.29999,-0.3328249,1.370136,-0.03067875,-0.007006957,-0.001312386,-0.9926051,0.1211782
19.34999,-0.3470166,1.371014,-0.03238583,-0.007939994,-0.001447448,-0.9925881,0.1212589
19.39999,-0.3612044,1.371828,-0.03411484,-0.008892178,-0.001585281,-0.9925698,0.1213412
19.44999,-0.3753912,1.372581,-0.03586578,-0.009863001,-0.001725812,-0.9925501,0.121425
19.49999,-0.3895743,1.373276,-0.03763723,-0.01085154,-0.001868907,-0.9925291,0.1215102
19.54999,-0.4037564,1.373914,-0.03942943,-0.01185736,-0.002014502,-0.9925067,0.1215968
19.59999,-0.4179347,1.374498,-0.04124093,-0.0128796,-0.002162475,-0.9924829,0.1216847
19.64999,-0.4321122,1.37503,-0.04307199,-0.01391791,-0.002312775,-0.9924576,0.1217738
19.69999,-0.4462886,1.375511,-0.04492188,-0.01497173,-0.002465318,-0.9924308,0.1218641
19.74998,-0.4604609,1.375944,-0.04678941,-0.0160403,-0.002619996,-0.9924025,0.1219555
19.79998,-0.4746323,1.37633,-0.0486753,-0.01712333,-0.002776766,-0.9923726,0.122048
19.84998,-0.4887996,1.376671,-0.05057788,-0.01822009,-0.002935524,-0.992341,0.1221416
19.89998,-0.5029662,1.376968,-0.05249763,-0.01933041,-0.003096244,-0.992308,0.1222361
19.94998,-0.5171316,1.377222,-0.05443406,-0.02045383,-0.00325886,-0.9922732,0.1223316
19.99998,-0.5312932,1.377436,-0.05638647,-0.02158968,-0.003423275,-0.9922366,0.122428
20.04998,-0.5454535,1.37761,-0.05835485,-0.02273782,-0.003589469,-0.9921983,0.1225253
20.09998,-0.559613,1.377745,-0.06033874,-0.02389786,-0.003757385,-0.9921584,0.1226235
20.14998,-0.5737684,1.377844,-0.06233692,-0.02506919,-0.003926935,-0.9921166,0.1227224
20.19998,-0.5879228,1.377906,-0.06435061,-0.02625171,-0.004098104,-0.9920729,0.122822
20.24998,-0.6020761,1.377934,-0.06637883,-0.02744508,-0.004270843,-0.9920275,0.1229225
20.29998,-0.6162252,1.377928,-0.06842089,-0.02864873,-0.004445069,-0.9919802,0.1230236
20.34998,-0.6303734,1.377889,-0.07047725,-0.02986261,-0.004620776,-0.991931,0.1231254
20.39997,-0.6445205,1.377818,-0.0725472,-0.03108641,-0.004797919,-0.9918798,0.1232278
20.44997,-0.6586665,1.377716,-0.07463074,-0.03231984,-0.004976455,-0.9918267,0.1233309
20.49997,-0.6728083,1.377585,-0.07672715,-0.03356235,-0.005156305,-0.9917716,0.1234345
20.54997,-0.686949,1.377424,-0.07883692,-0.03481398,-0.005337474,-0.9917145,0.1235387
20.59997,-0.7010889,1.377236,-0.08095956,-0.03607446,-0.005519922,-0.9916555,0.1236434
20.64997,-0.7152276,1.377019,-0.08309507,-0.03734354,-0.005703617,-0.9915943,0.1237486
20.69997,-0.7293619,1.376776,-0.08524251,-0.03862066,-0.005888473,-0.9915311,0.1238543
20.74997,-0.7434951,1.376508,-0.08740211,-0.03990589,-0.006074505,-0.9914657,0.1239605
20.79997,-0.7576274,1.376214,-0.0895741,-0.04119903,-0.006261681,-0.9913984,0.1240671
20.84997,-0.7717586,1.375896,-0.09175801,-0.04249986,-0.006449968,-0.9913289,0.1241742
20.89997,-0.7858887,1.375554,-0.09395361,-0.04380815,-0.006639335,-0.9912572,0.1242816
20.94997,-0.8000144,1.375189,-0.09616041,-0.04512341,-0.006829709,-0.9911834,0.1243894
20.99997,-0.8141392,1.374801,-0.0983789,-0.04644573,-0.007021107,-0.9911074,0.1244976
21.04996,-0.828263,1.374392,-0.1006086,-0.04777494,-0.007213499,-0.9910291,0.1246061
21.09996,-0.8423856,1.373962,-0.1028497,-0.04911082,-0.007406858,-0.9909488,0.1247149
21.14996,-0.8565071,1.373511,-0.1051018,-0.0504532,-0.007601156,-0.9908661,0.124824
21.19996,-0.8706238,1.37304,-0.1073642,-0.05180154,-0.007796318,-0.9907812,0.1249334
21.24996,-0.8847396,1.372549,-0.1096375,-0.05315604,-0.007992371,-0.9906941,0.1250431
21.29996,-0.8988544,1.37204,-0.1119215,-0.05451656,-0.008189291,-0.9906047,0.125153
21.34996,-0.9129682,1.371512,-0.1142161,-0.05588286,-0.00838705,-0.9905129,0.1252632
21.39996,-0.9270809,1.370966,-0.1165214,-0.05725485,-0.008585631,-0.9904189,0.1253736
21.44996,-0.9411924,1.370403,-0.1188369,-0.05863231,-0.008785005,-0.9903226,0.1254842
21.49996,-0.9553026,1.369823,-0.1211629,-0.0600151,-0.008985149,-0.9902239,0.1255949
21.54996,-0.969408,1.369226,-0.1234982,-0.06140273,-0.009185992,-0.9901229,0.1257059
21.59996,-0.9835124,1.368614,-0.1258438,-0.06279541,-0.009387566,-0.9900196,0.1258169
21.64996,-0.9976157,1.367986,-0.1281996,-0.06419297,-0.009589846,-0.9899139,0.1259282
21.69995,-1.011718,1.367343,-0.1305652,-0.06559531,-0.009792816,-0.9898058,0.1260395
21.74995,-1.025819,1.366685,-0.1329405,-0.06700227,-0.009996455,-0.9896953,0.126151
21.79995,-1.039919,1.366013,-0.1353257,-0.06841373,-0.01020074,-0.9895824,0.1262626
21.84995,-1.054018,1.365327,-0.1377206,-0.06982953,-0.01040566,-0.9894671,0.1263743
21.89995,-1.068115,1.364628,-0.1401253,-0.07124954,-0.01061119,-0.9893494,0.1264861
21.94995,-1.082212,1.363916,-0.1425393,-0.07267367,-0.01081731,-0.9892292,0.1265979
21.99995,-1.096303,1.363191,-0.1449623,-0.07410138,-0.01102395,-0.9891067,0.1267098
22.04995,-1.110394,1.362454,-0.1473949,-0.07553296,-0.01123114,-0.9889817,0.1268217
22.09995,-1.124483,1.361705,-0.1498368,-0.07696822,-0.01143888,-0.9888543,0.1269336
22.14995,-1.138571,1.360944,-0.152288,-0.07840711,-0.01164713,-0.9887245,0.1270456
22.19995,-1.152658,1.360173,-0.1547484,-0.07984944,-0.01185588,-0.9885921,0.1271576
22.24995,-1.166743,1.35939,-0.1572182,-0.08129516,-0.01206513,-0.9884574,0.1272696
22.29995,-1.180827,1.358597,-0.1596971,-0.08274414,-0.01227484,-0.9883201,0.1273815
22.34995,-1.194911,1.357794,-0.1621852,-0.08419624,-0.012485,-0.9881804,0.1274935
22.39994,-1.208992,1.356981,-0.1646824,-0.08565138,-0.01269561,-0.9880382,0.1276054
22.44994,-1.223072,1.356159,-0.1671886,-0.0871094,-0.01290663,-0.9878936,0.1277173
22.49994,-1.237152,1.355327,-0.1697037,-0.08857025,-0.01311806,-0.9877464,0.1278291
22.54994,-1.251229,1.354487,-0.1722281,-0.09003376,-0.01332987,-0.9875968,0.1279408
22.59994,-1.265306,1.353638,-0.1747613,-0.0914999,-0.01354206,-0.9874446,0.1280525
22.64994,-1.279381,1.352781,-0.1773033,-0.09296855,-0.01375462,-0.9872901,0.1281641
22.69994,-1.293455,1.351916,-0.1798544,-0.09443954,-0.01396751,-0.987133,0.1282757
22.74994,-1.307527,1.351043,-0.1824143,-0.09591281,-0.01418074,-0.9869733,0.1283871
22.79994,-1.321594,1.350164,-0.1849825,-0.09738789,-0.01439422,-0.9868113,0.1284984
22.84994,-1.335661,1.349277,-0.1875594,-0.09886504,-0.014608,-0.9866468,0.1286095
22.89994,-1.349725,1.348384,-0.1901453,-0.1003442,-0.01482208,-0.9864798,0.1287205
22.94994,-1.363789,1.347484,-0.1927397,-0.1018252,-0.01503642,-0.9863103,0.1288314
22.99994,-1.377851,1.346579,-0.1953433,-0.103308,-0.01525102,-0.9861383,0.1289422
23.04993,-1.391911,1.345667,-0.1979554,-0.1047925,-0.01546586,-0.9859639,0.1290528
23.09993,-1.405971,1.34475,-0.2005763,-0.1062785,-0.01568093,-0.9857869,0.1291632
23.14993,-1.420028,1.343828,-0.2032061,-0.1077661,-0.01589621,-0.9856075,0.1292735
23.19993,-1.434085,1.342901,-0.2058446,-0.109255,-0.01611169,-0.9854256,0.1293836
23.24993,-1.44814,1.341969,-0.2084918,-0.1107453,-0.01632737,-0.9852412,0.1294935
23.29993,-1.462193,1.341032,-0.2111478,-0.1122367,-0.01654322,-0.9850544,0.1296032
23.34993,-1.476245,1.340092,-0.2138126,-0.1137293,-0.01675922,-0.9848651,0.1297127
23.39993,-1.490296,1.339148,-0.2164862,-0.1152229,-0.01697537,-0.9846734,0.129822
23.44993,-1.504345,1.3382,-0.2191684,-0.1167173,-0.01719166,-0.9844792,0.1299312
23.49993,-1.518392,1.337249,-0.2218595,-0.1182127,-0.01740806,-0.9842826,0.13004
23.54993,-1.532438,1.336294,-0.2245593,-0.1197087,-0.01762457,-0.9840836,0.1301487
23.59993,-1.546482,1.335337,-0.227268,-0.1212054,-0.01784117,-0.9838821,0.1302571
23.64993,-1.560525,1.334378,-0.2299852,-0.1227026,-0.01805784,-0.9836782,0.1303652
23.69992,-1.574566,1.333416,-0.2327116,-0.1242003,-0.01827458,-0.9834719,0.1304731
23.74992,-1.588605,1.332452,-0.2354467,-0.1256983,-0.01849138,-0.9832633,0.1305808
23.79992,-1.602643,1.331487,-0.2381907,-0.1271966,-0.01870821,-0.9830522,0.1306881
23.84992,-1.616679,1.33052,-0.2409434,-0.1286951,-0.01892507,-0.9828387,0.1307953
23.89992,-1.630714,1.329553,-0.243705,-0.1301936,-0.01914193,-0.982623,0.1309021
23.94992,-1.644746,1.328584,-0.2464757,-0.1316922,-0.0193588,-0.9824048,0.1310086
23.99992,-1.658777,1.327614,-0.2492554,-0.1331906,-0.01957564,-0.9821843,0.1311149
24.04992,-1.672806,1.326645,-0.252044,-0.1346888,-0.01979246,-0.9819615,0.1312208
24.09992,-1.686834,1.325675,-0.2548416,-0.1361867,-0.02000923,-0.9817362,0.1313265
24.14992,-1.700859,1.324706,-0.257648,-0.1376843,-0.02022596,-0.9815089,0.1314318
24.19992,-1.714883,1.323737,-0.2604637,-0.1391814,-0.0204426,-0.9812791,0.1315368
24.24992,-1.728908,1.322768,-0.2632892,-0.1406783,-0.02065922,-0.981047,0.1316415
24.29992,-1.742932,1.321801,-0.266124,-0.1421745,-0.02087575,-0.9808127,0.1317459
24.34991,-1.756954,1.320835,-0.2689681,-0.14367,-0.02109217,-0.9805762,0.1318499
24.39991,-1.770974,1.31987,-0.2718213,-0.1451647,-0.02130846,-0.9803374,0.1319536
24.44991,-1.784992,1.318908,-0.2746837,-0.1466583,-0.02152461,-0.9800964,0.132057
24.49991,-1.799008,1.317948,-0.2775557,-0.148151,-0.02174061,-0.9798532,0.1321599
24.54991,-1.813022,1.31699,-0.280437,-0.1496425,-0.02195645,-0.9796079,0.1322625
24.59991,-1.827034,1.316035,-0.2833281,-0.1511327,-0.0221721,-0.9793604,0.1323648
24.64991,-1.841045,1.315083,-0.2862284,-0.1526217,-0.02238757,-0.9791108,0.1324667
24.69991,-1.855053,1.314134,-0.2891386,-0.1541092,-0.02260282,-0.9788591,0.1325681
24.74991,-1.869059,1.313189,-0.2920582,-0.1555951,-0.02281785,-0.9786053,0.1326692
24.79991,-1.883063,1.312248,-0.2949877,-0.1570794,-0.02303265,-0.9783495,0.1327699
24.84991,-1.897065,1.311311,-0.2979269,-0.158562,-0.02324719,-0.9780917,0.1328702
24.89991,-1.911065,1.310379,-0.3008761,-0.1600428,-0.02346146,-0.9778317,0.1329701
24.94991,-1.925062,1.309452,-0.3038352,-0.1615216,-0.02367546,-0.9775698,0.1330696
24.9999,-1.939061,1.30853,-0.3068051,-0.1629987,-0.0238892,-0.9773059,0.1331687
25.0499,-1.953058,1.307613,-0.3097851,-0.1644737,-0.02410265,-0.9770401,0.1332673
25.0999,-1.967053,1.306703,-0.3127754,-0.1659464,-0.02431575,-0.9767723,0.1333656
25.1499,-1.981045,1.305798,-0.3157761,-0.1674167,-0.02452851,-0.9765027,0.1334634
25.1999,-1.995034,1.304901,-0.3187869,-0.1688845,-0.02474092,-0.9762313,0.1335607
25.2499,-2.009022,1.30401,-0.3218086,-0.1703497,-0.02495294,-0.975958,0.1336576
25.2999,-2.023007,1.303126,-0.3248408,-0.1718123,-0.02516458,-0.9756829,0.133754
25.3499,-2.036989,1.30225,-0.3278837,-0.173272,-0.0253758,-0.9754061,0.13385
25.3999,-2.050969,1.301382,-0.3309371,-0.1747288,-0.0255866,-0.9751276,0.1339455
25.4499,-2.06495,1.300523,-0.3340025,-0.1761828,-0.025797,-0.9748473,0.1340405
25.4999,-2.078928,1.299672,-0.337079,-0.1776337,-0.02600695,-0.9745653,0.1341351
25.5499,-2.092904,1.29883,-0.3401668,-0.1790813,-0.02621642,-0.9742818,0.1342292
25.5999,-2.106878,1.297998,-0.3432658,-0.1805255,-0.02642539,-0.9739968,0.1343228
25.64989,-2.120848,1.297176,-0.3463764,-0.1819661,-0.02663385,-0.9737101,0.1344159
25.69989,-2.134816,1.296364,-0.3494985,-0.1834029,-0.02684177,-0.973422,0.1345084
25.74989,-2.14878,1.295564,-0.3526323,-0.184836,-0.02704913,-0.9731324,0.1346005
25.79989,-2.162745,1.294774,-0.3557789,-0.1862654,-0.02725597,-0.9728414,0.134692
25.84989,-2.176708,1.293996,-0.3589373,-0.1876908,-0.02746221,-0.972549,0.1347831
25.89989,-2.190667,1.293231,-0.3621082,-0.1891119,-0.02766785,-0.9722553,0.1348736
25.94989,-2.204624,1.292478,-0.3652916,-0.1905286,-0.02787285,-0.9719603,0.1349635
25.99989,-2.218578,1.291738,-0.3684874,-0.1919408,-0.02807719,-0.9716641,0.1350529
26.04989,-2.232528,1.291012,-0.371696,-0.1933483,-0.02828085,-0.9713667,0.1351417
26.09989,-2.246478,1.2903,-0.3749182,-0.1947513,-0.02848385,-0.9710681,0.13523
26.14989,-2.260425,1.289603,-0.3781538,-0.1961493,-0.02868614,-0.9707685,0.1353178
26.19989,-2.274369,1.288922,-0.3814027,-0.1975421,-0.02888767,-0.970468,0.1354049
26.24989,-2.28831,1.288256,-0.3846653,-0.1989296,-0.02908844,-0.9701664,0.1354915
26.29988,-2.302247,1.287607,-0.3879414,-0.2003116,-0.0292884,-0.969864,0.1355774
26.34988,-2.316184,1.286974,-0.3912325,-0.2016881,-0.02948758,-0.9695607,0.1356628
26.39988,-2.330117,1.28636,-0.3945379,-0.2030589,-0.02968592,-0.9692567,0.1357476
26.44988,-2.344047,1.285763,-0.3978581,-0.2044235,-0.02988337,-0.9689519,0.1358317
26.49988,-2.357972,1.285186,-0.4011927,-0.2057818,-0.03007991,-0.9686465,0.1359152
26.54988,-2.371897,1.284629,-0.4045434,-0.207134,-0.03027556,-0.9683405,0.1359981
26.59988,-2.385818,1.284092,-0.4079094,-0.2084795,-0.03047024,-0.9680341,0.1360803
26.64988,-2.399736,1.283576,-0.4112914,-0.2098181,-0.03066393,-0.9677273,0.1361619
26.69988,-2.413652,1.283082,-0.4146898,-0.2111499,-0.03085662,-0.96742,0.1362428
26.74988,-2.427564,1.282611,-0.4181046,-0.2124743,-0.03104825,-0.9671126,0.136323
26.79988,-2.441472,1.282164,-0.4215364,-0.2137911,-0.03123878,-0.966805,0.1364026
26.84988,-2.455375,1.281741,-0.4249854,-0.2151,-0.03142817,-0.9664973,0.1364814
26.89988,-2.469277,1.281344,-0.4284525,-0.2164011,-0.03161643,-0.9661897,0.1365596
26.94987,-2.483175,1.280973,-0.4319372,-0.2176939,-0.03180347,-0.9658821,0.136637
26.99987,-2.497067,1.28063,-0.4354405,-0.2189779,-0.03198925,-0.9655749,0.1367136
27.04987,-2.510958,1.280315,-0.4389632,-0.2202532,-0.03217378,-0.9652678,0.1367896
27.09987,-2.524843,1.28003,-0.4425049,-0.2215192,-0.03235695,-0.9649613,0.1368648
27.14987,-2.538727,1.279775,-0.4460673,-0.2227759,-0.03253878,-0.9646553,0.1369391
27.19987,-2.552605,1.279553,-0.4496498,-0.2240226,-0.03271916,-0.96435,0.1370127
27.24987,-2.566478,1.279363,-0.453253,-0.225259,-0.03289805,-0.9640455,0.1370855
27.29987,-2.580347,1.279208,-0.4568787,-0.2264849,-0.03307542,-0.9637419,0.1371575
27.34987,-2.594212,1.279089,-0.460526,-0.2276998,-0.0332512,-0.9634394,0.1372286
27.39987,-2.608073,1.279008,-0.4641969,-0.2289034,-0.03342534,-0.9631381,0.1372989
27.44987,-2.621928,1.278965,-0.4678907,-0.230095,-0.03359776,-0.9628382,0.1373682
27.49987,-2.635779,1.278964,-0.4716096,-0.2312746,-0.03376842,-0.9625399,0.1374367
27.54987,-2.649624,1.279004,-0.4753532,-0.2324412,-0.0339372,-0.9622432,0.1375042
27.59986,-2.663465,1.279089,-0.4791229,-0.2335946,-0.03410408,-0.9619484,0.1375709
27.64986,-2.677299,1.27922,-0.4829192,-0.234734,-0.03426894,-0.9616558,0.1376365
27.69986,-2.691128,1.2794,-0.4867437,-0.2358592,-0.03443173,-0.9613653,0.1377011
27.74986,-2.704953,1.27963,-0.4905972,-0.2369694,-0.03459235,-0.9610774,0.1377647
27.79986,-2.718769,1.279912,-0.4944801,-0.2380637,-0.03475068,-0.9607922,0.1378272
27.84986,-2.73258,1.280251,-0.4983943,-0.2391417,-0.03490664,-0.96051,0.1378886
27.89986,-2.746386,1.280648,-0.502341,-0.2402026,-0.03506014,-0.9602309,0.1379489
27.94986,-2.760182,1.281105,-0.5063205,-0.2412453,-0.03521101,-0.9599555,0.138008
27.99986,-2.773972,1.281627,-0.5103354,-0.2422693,-0.03535916,-0.9596838,0.1380659
28.04986,-2.787754,1.282217,-0.5143871,-0.2432735,-0.03550445,-0.9594163,0.1381226
28.09986,-2.801529,1.282878,-0.518477,-0.244257,-0.03564673,-0.9591531,0.1381779
28.14986,-2.815296,1.283615,-0.5226071,-0.2452185,-0.03578584,-0.9588948,0.1382319
28.19986,-2.829055,1.284431,-0.5267789,-0.2461569,-0.0359216,-0.9586416,0.1382845
28.24986,-2.842804,1.285331,-0.5309951,-0.2470708,-0.03605384,-0.9583942,0.1383356
28.29985,-2.856543,1.286321,-0.5352576,-0.2479589,-0.03618233,-0.9581528,0.1383851
28.34985,-2.870272,1.287406,-0.5395694,-0.2488196,-0.03630684,-0.957918,0.138433
28.39985,-2.883989,1.288593,-0.5439322,-0.249651,-0.03642714,-0.9576904,0.1384791
28.44985,-2.897696,1.289888,-0.548351,-0.2504514,-0.03654294,-0.9574705,0.1385235
28.49985,-2.911391,1.291299,-0.5528281,-0.2512186,-0.03665393,-0.9572592,0.1385659
28.54985,-2.925071,1.292835,-0.5573671,-0.2519501,-0.03675976,-0.9570571,0.1386063
28.59985,-2.938738,1.294504,-0.5619731,-0.2526434,-0.03686006,-0.9568649,0.1386445
28.64985,-2.95239,1.296319,-0.5666511,-0.2532954,-0.03695439,-0.9566836,0.1386804
28.69985,-2.966027,1.29829,-0.5714061,-0.2539026,-0.03704225,-0.9565144,0.1387138
28.74985,-2.979645,1.300433,-0.5762448,-0.2544613,-0.03712308,-0.9563583,0.1387444
28.79985,-2.993244,1.302763,-0.5811744,-0.2549668,-0.0371962,-0.9562169,0.1387721
28.84985,-3.006823,1.305298,-0.5862033,-0.2554139,-0.03726089,-0.9560914,0.1387966
28.89985,-3.020377,1.308061,-0.5913413,-0.2557964,-0.03731623,-0.955984,0.1388175
28.94984,-3.033905,1.311078,-0.5966003,-0.2561072,-0.03736119,-0.9558966,0.1388345
28.99984,-3.047405,1.314379,-0.6019945,-0.2563373,-0.03739449,-0.9558318,0.138847
29.04984,-0.0006146431,1.321371,-3.147125E-05,0.006249396,0.0006065634,-0.9927518,0.1200191
29.09984,-0.002479076,1.321887,-0.0001280308,0.00624826,0.000606399,-0.9927518,0.1200192
29.14984,-0.005591869,1.322739,-0.0002915859,0.006243354,0.0006056888,-0.9927517,0.1200196
29.19984,-0.01985908,1.326488,-0.001088858,0.006174613,0.0005957379,-0.9927514,0.1200257
29.24984,-0.03412032,1.329999,-0.001957178,0.006034768,0.000575494,-0.9927508,0.120038
29.29984,-0.04837751,1.333294,-0.002891302,0.005829625,0.0005457978,-0.9927499,0.1200561
29.34984,-0.06263256,1.336388,-0.0038867,0.005564216,0.0005073774,-0.9927486,0.1200795
29.39984,-0.07688332,1.339296,-0.004938602,0.005243034,0.0004608835,-0.9927469,0.1201079
29.44984,-0.09112906,1.342031,-0.006043434,0.004870047,0.0004068905,-0.9927449,0.1201407
29.49984,-0.105372,1.344605,-0.007198095,0.004448707,0.0003458979,-0.9927424,0.1201778
29.54984,-0.1196122,1.347029,-0.008399487,0.003982161,0.0002783614,-0.9927394,0.1202189
29.59983,-0.1338472,1.349312,-0.009644985,0.003473308,0.0002047008,-0.9927359,0.1202636
29.64983,-0.1480789,1.351463,-0.01093245,0.002924618,0.0001252734,-0.9927319,0.1203118
29.69983,-0.1623077,1.353489,-0.01225924,0.002338412,4.041549E-05,-0.9927271,0.1203633
29.74983,-0.1765335,1.355397,-0.01362324,0.00171678,-4.957055E-05,-0.9927219,0.1204179
29.79983,-0.1907558,1.357193,-0.01502323,0.001061649,-0.0001444057,-0.9927158,0.1204753
29.84983,-0.2049749,1.358885,-0.01645708,0.0003747812,-0.0002438349,-0.9927089,0.1205354
29.89983,-0.2191904,1.360476,-0.01792383,-0.0003422071,-0.0003476241,-0.9927013,0.1205982
29.94983,-0.2334054,1.361973,-0.01942158,-0.001087958,-0.0004555766,-0.9926928,0.1206633
29.99983,-0.2476168,1.363379,-0.02094889,-0.001860989,-0.0005674781,-0.9926834,0.1207308
30.04983,-0.2618248,1.364699,-0.02250504,-0.002660002,-0.0006831404,-0.992673,0.1208005
30.09983,-0.2760293,1.365937,-0.02408862,-0.003483816,-0.0008023924,-0.9926616,0.1208722
30.14983,-0.2902329,1.367096,-0.0256989,-0.004331492,-0.0009250986,-0.9926492,0.120946
30.19983,-0.3044329,1.36818,-0.02733469,-0.005201838,-0.001051086,-0.9926357,0.1210216
30.24982,-0.3186293,1.369193,-0.0289948,-0.006093902,-0.001180217,-0.992621,0.121099
30.29982,-0.3328249,1.370136,-0.03067875,-0.007006957,-0.001312386,-0.9926051,0.1211782
30.34982,-0.3470166,1.371014,-0.03238583,-0.007939994,-0.001447448,-0.9925881,0.1212589
30.39982,-0.3612044,1.371828,-0.03411484,-0.008892178,-0.001585281,-0.9925698,0.1213412
30.44982,-0.3753912,1.372581,-0.03586578,-0.009863001,-0.001725812,-0.9925501,0.121425
30.49982,-0.3895743,1.373276,-0.03763723,-0.01085154,-0.001868907,-0.9925291,0.1215102
30.54982,-0.4037564,1.373914,-0.03942943,-0.01185736,-0.002014502,-0.9925067,0.1215968
30.59982,-0.4179347,1.374498,-0.04124093,-0.0128796,-0.002162475,-0.9924829,0.1216847
30.64982,-0.4321122,1.37503,-0.04307199,-0.01391791,-0.002312775,-0.9924576,0.1217738
30.69982,-0.4462886,1.375511,-0.04492188,-0.01497173,-0.002465318,-0.9924308,0.1218641
30.74982,-0.4604609,1.375944,-0.04678941,-0.0160403,-0.002619996,-0.9924025,0.1219555
30.79982,-0.4746323,1.37633,-0.0486753,-0.01712333,-0.002776766,-0.9923726,0.122048
30.84982,-0.4887996,1.376671,-0.05057788,-0.01822009,-0.002935524,-0.992341,0.1221416
30.89981,-0.5029662,1.376968,-0.05249763,-0.01933041,-0.003096244,-0.992308,0.1222361
30.94981,-0.5171316,1.377222,-0.05443406,-0.02045383,-0.00325886,-0.9922732,0.1223316
30.99981,-0.5312932,1.377436,-0.05638647,-0.02158968,-0.003423275,-0.9922366,0.122428
31.04981,-0.5454535,1.37761,-0.05835485,-0.02273782,-0.003589469,-0.9921983,0.1225253
31.09981,-0.559613,1.377745,-0.06033874,-0.02389786,-0.003757385,-0.9921584,0.1226235
31.14981,-0.5737684,1.377844,-0.06233692,-0.02506919,-0.003926935,-0.9921166,0.1227224
31.19981,-0.5879228,1.377906,-0.06435061,-0.02625171,-0.004098104,-0.9920729,0.122822
31.24981,-0.6020761,1.377934,-0.06637883,-0.02744508,-0.004270843,-0.9920275,0.1229225
31.29981,-0.6162252,1.377928,-0.06842089,-0.02864873,-0.004445069,-0.9919802,0.1230236
31.34981,-0.6303734,1.377889,-0.07047725,-0.02986261,-0.004620776,-0.991931,0.1231254
31.39981,-0.6445205,1.377818,-0.0725472,-0.03108641,-0.004797919,-0.9918798,0.1232278
31.44981,-0.6586665,1.377716,-0.07463074,-0.03231984,-0.004976455,-0.9918267,0.1233309
31.49981,-0.6728083,1.377585,-0.07672715,-0.03356235,-0.005156305,-0.9917716,0.1234345
31.5498,-0.686949,1.377424,-0.07883692,-0.03481398,-0.005337474,-0.9917145,0.1235387
31.5998,-0.7010889,1.377236,-0.08095956,-0.03607446,-0.005519922,-0.9916555,0.1236434
31.6498,-0.7152276,1.377019,-0.08309507,-0.03734354,-0.005703617,-0.9915943,0.1237486
31.6998,-0.7293619,1.376776,-0.08524251,-0.03862066,-0.005888473,-0.9915311,0.1238543
31.7498,-0.7434951,1.376508,-0.08740211,-0.03990589,-0.006074505,-0.9914657,0.1239605
31.7998,-0.7576274,1.376214,-0.0895741,-0.04119903,-0.006261681,-0.9913984,0.1240671
31.8498,-0.7717586,1.375896,-0.09175801,-0.04249986,-0.006449968,-0.9913289,0.1241742
31.8998,-0.7858887,1.375554,-0.09395361,-0.04380815,-0.006639335,-0.9912572,0.1242816
31.9498,-0.8000144,1.375189,-0.09616041,-0.04512341,-0.006829709,-0.9911834,0.1243894
31.9998,-0.8141392,1.374801,-0.0983789,-0.04644573,-0.007021107,-0.9911074,0.1244976
32.0498,-0.828263,1.374392,-0.1006086,-0.04777494,-0.007213499,-0.9910291,0.1246061
32.0998,-0.8423856,1.373962,-0.1028497,-0.04911082,-0.007406858,-0.9909488,0.1247149
32.1498,-0.8565071,1.373511,-0.1051018,-0.0504532,-0.007601156,-0.9908661,0.124824
32.19979,-0.8706238,1.37304,-0.1073642,-0.05180154,-0.007796318,-0.9907812,0.1249334
32.24979,-0.8847396,1.372549,-0.1096375,-0.05315604,-0.007992371,-0.9906941,0.1250431
32.29979,-0.8988544,1.37204,-0.1119215,-0.05451656,-0.008189291,-0.9906047,0.125153
32.34979,-0.9129682,1.371512,-0.1142161,-0.05588286,-0.00838705,-0.9905129,0.1252632
32.39979,-0.9270809,1.370966,-0.1165214,-0.05725485,-0.008585631,-0.9904189,0.1253736
32.44979,-0.9411924,1.370403,-0.1188369,-0.05863231,-0.008785005,-0.9903226,0.1254842
32.49979,-0.9553026,1.369823,-0.1211629,-0.0600151,-0.008985149,-0.9902239,0.1255949
32.54979,-0.969408,1.369226,-0.1234982,-0.06140273,-0.009185992,-0.9901229,0.1257059
32.59979,-0.9835124,1.368614,-0.1258438,-0.06279541,-0.009387566,-0.9900196,0.1258169
32.64979,-0.9976157,1.367986,-0.1281996,-0.06419297,-0.009589846,-0.9899139,0.1259282
32.69979,-1.011718,1.367343,-0.1305652,-0.06559531,-0.009792816,-0.9898058,0.1260395
32.74979,-1.025819,1.366685,-0.1329405,-0.06700227,-0.009996455,-0.9896953,0.126151
32.79979,-1.039919,1.366013,-0.1353257,-0.06841373,-0.01020074,-0.9895824,0.1262626
32.84978,-1.054018,1.365327,-0.1377206,-0.06982953,-0.01040566,-0.9894671,0.1263743
32.89978,-1.068115,1.364628,-0.1401253,-0.07124954,-0.01061119,-0.9893494,0.1264861
32.94978,-1.082212,1.363916,-0.1425393,-0.07267367,-0.01081731,-0.9892292,0.1265979
32.99978,-1.096303,1.363191,-0.1449623,-0.07410138,-0.01102395,-0.9891067,0.1267098
33.04978,-1.110394,1.362454,-0.1473949,-0.07553296,-0.01123114,-0.9889817,0.1268217
33.09978,-1.124483,1.361705,-0.1498368,-0.07696822,-0.01143888,-0.9888543,0.1269336
33.14978,-1.138571,1.360944,-0.152288,-0.07840711,-0.01164713,-0.9887245,0.1270456
33.19978,-1.152658,1.360173,-0.1547484,-0.07984944,-0.01185588,-0.9885921,0.1271576
33.24978,-1.166743,1.35939,-0.1572182,-0.08129516,-0.01206513,-0.9884574,0.1272696
33.29978,-1.180827,1.358597,-0.1596971,-0.08274414,-0.01227484,-0.9883201,0.1273815
33.34978,-1.194911,1.357794,-0.1621852,-0.08419624,-0.012485,-0.9881804,0.1274935
33.39978,-1.208992,1.356981,-0.1646824,-0.08565138,-0.01269561,-0.9880382,0.1276054
33.44978,-1.223072,1.356159,-0.1671886,-0.0871094,-0.01290663,-0.9878936,0.1277173
33.49977,-1.237152,1.355327,-0.1697037,-0.08857025,-0.01311806,-0.9877464,0.1278291
33.54977,-1.251229,1.354487,-0.1722281,-0.09003376,-0.01332987,-0.9875968,0.1279408
33.59977,-1.265306,1.353638,-0.1747613,-0.0914999,-0.01354206,-0.9874446,0.1280525
33.64977,-1.279381,1.352781,-0.1773033,-0.09296855,-0.01375462,-0.9872901,0.1281641
33.69977,-1.293455,1.351916,-0.1798544,-0.09443954,-0.01396751,-0.987133,0.1282757
33.74977,-1.307527,1.351043,-0.1824143,-0.09591281,-0.01418074,-0.9869733,0.1283871
33.79977,-1.321594,1.350164,-0.1849825,-0.09738789,-0.01439422,-0.9868113,0.1284984
33.84977,-1.335661,1.349277,-0.1875594,-0.09886504,-0.014608,-0.9866468,0.1286095
33.89977,-1.349725,1.348384,-0.1901453,-0.1003442,-0.01482208,-0.9864798,0.1287205
33.94977,-1.363789,1.347484,-0.1927397,-0.1018252,-0.01503642,-0.9863103,0.1288314
33.99977,-1.377851,1.346579,-0.1953433,-0.103308,-0.01525102,-0.9861383,0.1289422
34.04977,-1.391911,1.345667,-0.1979554,-0.1047925,-0.01546586,-0.9859639,0.1290528
34.09977,-1.405971,1.34475,-0.2005763,-0.1062785,-0.01568093,-0.9857869,0.1291632
34.14977,-1.420028,1.343828,-0.2032061,-0.1077661,-0.01589621,-0.9856075,0.1292735
34.19976,-1.434085,1.342901,-0.2058446,-0.109255,-0.01611169,-0.9854256,0.1293836
34.24976,-1.44814,1.341969,-0.2084918,-0.1107453,-0.01632737,-0.9852412,0.1294935
34.29976,-1.462193,1.341032,-0.2111478,-0.1122367,-0.01654322,-0.9850544,0.1296032
34.34976,-1.476245,1.340092,-0.2138126,-0.1137293,-0.01675922,-0.9848651,0.1297127
34.39976,-1.490296,1.339148,-0.2164862,-0.1152229,-0.01697537,-0.9846734,0.129822
34.44976,-1.504345,1.3382,-0.2191684,-0.1167173,-0.01719166,-0.9844792,0.1299312
34.49976,-1.518392,1.337249,-0.2218595,-0.1182127,-0.01740806,-0.9842826,0.13004
34.54976,-1.532438,1.336294,-0.2245593,-0.1197087,-0.01762457,-0.9840836,0.1301487
34.59976,-1.546482,1.335337,-0.227268,-0.1212054,-0.01784117,-0.9838821,0.1302571
34.64976,-1.560525,1.334378,-0.2299852,-0.1227026,-0.01805784,-0.9836782,0.1303652
34.69976,-1.574566,1.333416,-0.2327116,-0.1242003,-0.01827458,-0.9834719,0.1304731
34.74976,-1.588605,1.332452,-0.2354467,-0.1256983,-0.01849138,-0.9832633,0.1305808
34.79976,-1.602643,1.331487,-0.2381907,-0.1271966,-0.01870821,-0.9830522,0.1306881
34.84975,-1.616679,1.33052,-0.2409434,-0.1286951,-0.01892507,-0.9828387,0.1307953
34.89975,-1.630714,1.329553,-0.243705,-0.1301936,-0.01914193,-0.982623,0.1309021
34.94975,-1.644746,1.328584,-0.2464757,-0.1316922,-0.0193588,-0.9824048,0.1310086
34.99975,-1.658777,1.327614,-0.2492554,-0.1331906,-0.01957564,-0.9821843,0.1311149
35.04975,-1.672806,1.326645,-0.252044,-0.1346888,-0.01979246,-0.9819615,0.1312208
35.09975,-1.686834,1.325675,-0.2548416,-0.1361867,-0.02000923,-0.9817362,0.1313265
35.14975,-1.700859,1.324706,-0.257648,-0.1376843,-0.02022596,-0.9815089,0.1314318
35.19975,-1.714883,1.323737,-0.2604637,-0.1391814,-0.0204426,-0.9812791,0.1315368
35.24975,-1.728908,1.322768,-0.2632892,-0.1406783,-0.02065922,-0.981047,0.1316415
35.29975,-1.742932,1.321801,-0.266124,-0.1421745,-0.02087575,-0.9808127,0.1317459
35.34975,-1.756954,1.320835,-0.2689681,-0.14367,-0.02109217,-0.9805762,0.1318499
35.39975,-1.770974,1.31987,-0.2718213,-0.1451647,-0.02130846,-0.9803374,0.1319536
35.44975,-1.784992,1.318908,-0.2746837,-0.1466583,-0.02152461,-0.9800964,0.132057
35.49974,-1.799008,1.317948,-0.2775557,-0.148151,-0.02174061,-0.9798532,0.1321599
35.54974,-1.813022,1.31699,-0.280437,-0.1496425,-0.02195645,-0.9796079,0.1322625
35.59974,-1.827034,1.316035,-0.2833281,-0.1511327,-0.0221721,-0.9793604,0.1323648
35.64974,-1.841045,1.315083,-0.2862284,-0.1526217,-0.02238757,-0.9791108,0.1324667
35.69974,-1.855053,1.314134,-0.2891386,-0.1541092,-0.02260282,-0.9788591,0.1325681
35.74974,-1.869059,1.313189,-0.2920582,-0.1555951,-0.02281785,-0.9786053,0.1326692
35.79974,-1.883063,1.312248,-0.2949877,-0.1570794,-0.02303265,-0.9783495,0.1327699
35.84974,-1.897065,1.311311,-0.2979269,-0.158562,-0.02324719,-0.9780917,0.1328702
35.89974,-1.911065,1.310379,-0.3008761,-0.1600428,-0.02346146,-0.9778317,0.1329701
35.94974,-1.925062,1.309452,-0.3038352,-0.1615216,-0.02367546,-0.9775698,0.1330696
35.99974,-1.939061,1.30853,-0.3068051,-0.1629987,-0.0238892,-0.9773059,0.1331687
36.04974,-1.953058,1.307613,-0.3097851,-0.1644737,-0.02410265,-0.9770401,0.1332673
36.09974,-1.967053,1.306703,-0.3127754,-0.1659464,-0.02431575,-0.9767723,0.1333656
36.14973,-1.981045,1.305798,-0.3157761,-0.1674167,-0.02452851,-0.9765027,0.1334634
36.19973,-1.995034,1.304901,-0.3187869,-0.1688845,-0.02474092,-0.9762313,0.1335607
36.24973,-2.009022,1.30401,-0.3218086,-0.1703497,-0.02495294,-0.975958,0.1336576
36.29973,-2.023007,1.303126,-0.3248408,-0.1718123,-0.02516458,-0.9756829,0.133754
36.34973,-2.036989,1.30225,-0.3278837,-0.173272,-0.0253758,-0.9754061,0.13385
36.39973,-2.050969,1.301382,-0.3309371,-0.1747288,-0.0255866,-0.9751276,0.1339455
36.44973,-2.06495,1.300523,-0.3340025,-0.1761828,-0.025797,-0.9748473,0.1340405
36.49973,-2.078928,1.299672,-0.337079,-0.1776337,-0.02600695,-0.9745653,0.1341351
36.54973,-2.092904,1.29883,-0.3401668,-0.1790813,-0.02621642,-0.9742818,0.1342292
36.59973,-2.106878,1.297998,-0.3432658,-0.1805255,-0.02642539,-0.9739968,0.1343228
36.64973,-2.120848,1.297176,-0.3463764,-0.1819661,-0.02663385,-0.9737101,0.1344159
36.69973,-2.134816,1.296364,-0.3494985,-0.1834029,-0.02684177,-0.973422,0.1345084
36.74973,-2.14878,1.295564,-0.3526323,-0.184836,-0.02704913,-0.9731324,0.1346005
36.79972,-2.162745,1.294774,-0.3557789,-0.1862654,-0.02725597,-0.9728414,0.134692
36.84972,-2.176708,1.293996,-0.3589373,-0.1876908,-0.02746221,-0.972549,0.1347831
36.89972,-2.190667,1.293231,-0.3621082,-0.1891119,-0.02766785,-0.9722553,0.1348736
36.94972,-2.204624,1.292478,-0.3652916,-0.1905286,-0.02787285,-0.9719603,0.1349635
36.99972,-2.218578,1.291738,-0.3684874,-0.1919408,-0.02807719,-0.9716641,0.1350529
37.04972,-2.232528,1.291012,-0.371696,-0.1933483,-0.02828085,-0.9713667,0.1351417
37.09972,-2.246478,1.2903,-0.3749182,-0.1947513,-0.02848385,-0.9710681,0.13523
37.14972,-2.260425,1.289603,-0.3781538,-0.1961493,-0.02868614,-0.9707685,0.1353178
37.19972,-2.274369,1.288922,-0.3814027,-0.1975421,-0.02888767,-0.970468,0.1354049
37.24972,-2.28831,1.288256,-0.3846653,-0.1989296,-0.02908844,-0.9701664,0.1354915
37.29972,-2.302247,1.287607,-0.3879414,-0.2003116,-0.0292884,-0.969864,0.1355774
37.34972,-2.316184,1.286974,-0.3912325,-0.2016881,-0.02948758,-0.9695607,0.1356628
37.39972,-2.330117,1.28636,-0.3945379,-0.2030589,-0.02968592,-0.9692567,0.1357476
37.44971,-2.344047,1.285763,-0.3978581,-0.2044235,-0.02988337,-0.9689519,0.1358317
37.49971,-2.357972,1.285186,-0.4011927,-0.2057818,-0.03007991,-0.9686465,0.1359152
37.54971,-2.371897,1.284629,-0.4045434,-0.207134,-0.03027556,-0.9683405,0.1359981
37.59971,-2.385818,1.284092,-0.4079094,-0.2084795,-0.03047024,-0.9680341,0.1360803
37.64971,-2.399736,1.283576,-0.4112914,-0.2098181,-0.03066393,-0.9677273,0.1361619
37.69971,-2.413652,1.283082,-0.4146898,-0.2111499,-0.03085662,-0.96742,0.1362428
37.74971,-2.427564,1.282611,-0.4181046,-0.2124743,-0.03104825,-0.9671126,0.136323
37.79971,-2.441472,1.282164,-0.4215364,-0.2137911,-0.03123878,-0.966805,0.1364026
37.84971,-2.455375,1.281741,-0.4249854,-0.2151,-0.03142817,-0.9664973,0.1364814
37.89971,-2.469277,1.281344,-0.4284525,-0.2164011,-0.03161643,-0.9661897,0.1365596
37.94971,-2.483175,1.280973,-0.4319372,-0.2176939,-0.03180347,-0.9658821,0.136637
37.99971,-2.497067,1.28063,-0.4354405,-0.2189779,-0.03198925,-0.9655749,0.1367136
38.04971,-2.510958,1.280315,-0.4389632,-0.2202532,-0.03217378,-0.9652678,0.1367896
38.0997,-2.524843,1.28003,-0.4425049,-0.2215192,-0.03235695,-0.9649613,0.1368648
38.1497,-2.538727,1.279775,-0.4460673,-0.2227759,-0.03253878,-0.9646553,0.1369391
38.1997,-2.552605,1.279553,-0.4496498,-0.2240226,-0.03271916,-0.96435,0.1370127
38.2497,-2.566478,1.279363,-0.453253,-0.225259,-0.03289805,-0.9640455,0.1370855
38.2997,-2.580347,1.279208,-0.4568787,-0.2264849,-0.03307542,-0.9637419,0.1371575
38.3497,-2.594212,1.279089,-0.460526,-0.2276998,-0.0332512,-0.9634394,0.1372286
38.3997,-2.608073,1.279008,-0.4641969,-0.2289034,-0.03342534,-0.9631381,0.1372989
38.4497,-2.621928,1.278965,-0.4678907,-0.230095,-0.03359776,-0.9628382,0.1373682
38.4997,-2.635779,1.278964,-0.4716096,-0.2312746,-0.03376842,-0.9625399,0.1374367
38.5497,-2.649624,1.279004,-0.4753532,-0.2324412,-0.0339372,-0.9622432,0.1375042
38.5997,-2.663465,1.279089,-0.4791229,-0.2335946,-0.03410408,-0.9619484,0.1375709
38.6497,-2.677299,1.27922,-0.4829192,-0.234734,-0.03426894,-0.9616558,0.1376365
38.6997,-2.691128,1.2794,-0.4867437,-0.2358592,-0.03443173,-0.9613653,0.1377011
38.74969,-2.704953,1.27963,-0.4905972,-0.2369694,-0.03459235,-0.9610774,0.1377647
38.79969,-2.718769,1.279912,-0.4944801,-0.2380637,-0.03475068,-0.9607922,0.1378272
38.84969,-2.73258,1.280251,-0.4983943,-0.2391417,-0.03490664,-0.96051,0.1378886
38.89969,-2.746386,1.280648,-0.502341,-0.2402026,-0.03506014,-0.9602309,0.1379489
38.94969,-2.760182,1.281105,-0.5063205,-0.2412453,-0.03521101,-0.9599555,0.138008
38.99969,-2.773972,1.281627,-0.5103354,-0.2422693,-0.03535916,-0.9596838,0.1380659
39.04969,-2.787754,1.282217,-0.5143871,-0.2432735,-0.03550445,-0.9594163,0.1381226
39.09969,-2.801529,1.282878,-0.518477,-0.244257,-0.03564673,-0.9591531,0.1381779
39.14969,-2.815296,1.283615,-0.5226071,-0.2452185,-0.03578584,-0.9588948,0.1382319
39.19969,-2.829055,1.284431,-0.5267789,-0.2461569,-0.0359216,-0.9586416,0.1382845
39.24969,-2.842804,1.285331,-0.5309951,-0.2470708,-0.03605384,-0.9583942,0.1383356
39.29969,-2.856543,1.286321,-0.5352576,-0.2479589,-0.03618233,-0.9581528,0.1383851
39.34969,-2.870272,1.287406,-0.5395694,-0.2488196,-0.03630684,-0.957918,0.138433
39.39968,-2.883989,1.288593,-0.5439322,-0.249651,-0.03642714,-0.9576904,0.1384791
39.44968,-2.897696,1.289888,-0.548351,-0.2504514,-0.03654294,-0.9574705,0.1385235
39.49968,-2.911391,1.291299,-0.5528281,-0.2512186,-0.03665393,-0.9572592,0.1385659
39.54968,-2.925071,1.292835,-0.5573671,-0.2519501,-0.03675976,-0.9570571,0.1386063
39.59968,-2.938738,1.294504,-0.5619731,-0.2526434,-0.03686006,-0.9568649,0.1386445
39.64968,-2.95239,1.296319,-0.5666511,-0.2532954,-0.03695439,-0.9566836,0.1386804
39.69968,-2.966027,1.29829,-0.5714061,-0.2539026,-0.03704225,-0.9565144,0.1387138
39.74968,-2.979645,1.300433,-0.5762448,-0.2544613,-0.03712308,-0.9563583,0.1387444
39.79968,-2.993244,1.302763,-0.5811744,-0.2549668,-0.0371962,-0.9562169,0.1387721
39.84968,-3.006823,1.305298,-0.5862033,-0.2554139,-0.03726089,-0.9560914,0.1387966
39.89968,-3.020377,1.308061,-0.5913413,-0.2557964,-0.03731623,-0.955984,0.1388175
39.94968,-3.033905,1.311078,-0.5966003,-0.2561072,-0.03736119,-0.9558966,0.1388345
39.99968,-3.047405,1.314379,-0.6019945,-0.2563373,-0.03739449,-0.9558318,0.138847
40.04967,-0.01252607,1.324897,-0.005455017,-0.2565244,-0.03742185,-0.9557791,0.138857
40.09967,-0.02387071,1.328015,-0.01049447,-0.2565528,-0.03742667,-0.9557711,0.1388579
40.14967,-0.03404498,1.330643,-0.0150876,-0.2565914,-0.03743322,-0.9557603,0.1388592
40.19967,-0.04306144,1.332851,-0.01921058,-0.2566351,-0.03744066,-0.9557481,0.1388606
40.24967,-0.05092674,1.33469,-0.02284527,-0.25668,-0.0374483,-0.9557355,0.1388621
40.29967,-0.05764651,1.3362,-0.02597737,-0.2567232,-0.03745563,-0.9557234,0.1388635
40.34967,-0.06322682,1.337415,-0.02859592,-0.2567621,-0.03746225,-0.9557125,0.1388648
40.39967,-0.06767088,1.338357,-0.0306921,-0.2567951,-0.03746786,-0.9557033,0.1388659
40.44967,-0.07098287,1.339045,-0.03226089,-0.2568208,-0.03747222,-0.955696,0.1388667
40.49967,-0.07316297,1.339492,-0.03329611,-0.2568382,-0.03747518,-0.9556912,0.1388673
40.54967,-0.07421392,1.339705,-0.03379607,-0.2568467,-0.03747663,-0.9556888,0.1388676
40.59967,-0.07439607,1.339742,-0.03388286,-0.2568482,-0.03747688,-0.9556884,0.1388676
40.64967,-0.07457829,1.339779,-0.0339694,-0.2568497,-0.03747713,-0.9556879,0.1388676
40.69967,-0.0747605,1.339816,-0.03405643,-0.2568512,-0.03747739,-0.9556876,0.1388677
40.74966,-0.07494283,1.339853,-0.03414297,-0.2568527,-0.03747764,-0.9556872,0.1388678
40.79966,-0.07512528,1.33989,-0.03422999,-0.2568542,-0.0374779,-0.9556867,0.1388678
40.84966,-0.07530767,1.339926,-0.03431702,-0.2568557,-0.03747815,-0.9556863,0.1388678
40.89966,-0.07549018,1.339963,-0.0344038,-0.2568572,-0.03747841,-0.9556859,0.1388679
40.94966,-0.07567281,1.34,-0.03449082,-0.2568587,-0.03747866,-0.9556854,0.1388679
40.99966,-0.094244,1.343566,-0.04341817,-0.2570256,-0.03750704,-0.9556386,0.1388734
41.04966,-0.113622,1.346952,-0.0528841,-0.2572259,-0.03754108,-0.9555824,0.13888
41.09966,-0.1336091,1.350126,-0.06279325,-0.2574574,-0.03758043,-0.9555175,0.1388875
41.14966,-0.1541905,1.353093,-0.07313681,-0.2577192,-0.03762494,-0.9554439,0.1388961
41.19966,-0.175177,1.355836,-0.08381724,-0.2580083,-0.03767409,-0.9553626,0.1389055
41.24966,-0.1962131,1.358326,-0.09464622,-0.2583182,-0.03772676,-0.9552753,0.1389156
41.29966,-0.2172469,1.360581,-0.1055877,-0.2586463,-0.03778253,-0.9551827,0.1389263
41.34966,-0.2382582,1.362619,-0.1166229,-0.2589906,-0.03784108,-0.9550855,0.1389375
41.39965,-0.2592393,1.364459,-0.1277401,-0.2593496,-0.03790211,-0.9549839,0.1389492
41.44965,-0.280188,1.366116,-0.138931,-0.259722,-0.03796541,-0.9548785,0.1389612
41.49965,-0.3011017,1.367605,-0.1501889,-0.2601064,-0.03803076,-0.9547694,0.1389737
41.54965,-0.3219792,1.368939,-0.1615076,-0.260502,-0.03809801,-0.954657,0.1389864
41.59965,-0.3428246,1.370128,-0.1728849,-0.2609078,-0.03816701,-0.9545415,0.1389995
41.64965,-0.3636415,1.371184,-0.1843183,-0.2613232,-0.03823764,-0.9544231,0.1390129
41.69965,-0.3844285,1.372115,-0.1958039,-0.2617474,-0.03830976,-0.954302,0.1390265
41.74965,-0.4051893,1.37293,-0.20734,-0.2621799,-0.03838329,-0.9541783,0.1390404
41.79965,-0.4259246,1.373635,-0.2189245,-0.2626201,-0.03845813,-0.9540522,0.1390544
41.84965,-0.4466327,1.374239,-0.2305534,-0.2630674,-0.03853418,-0.9539238,0.1390687
41.89965,-0.4673169,1.374746,-0.2422261,-0.2635213,-0.03861137,-0.9537932,0.1390832
41.94965,-0.487978,1.375162,-0.2539411,-0.2639816,-0.03868964,-0.9536606,0.1390978
41.99965,-0.5086164,1.375493,-0.2656965,-0.2644478,-0.0387689,-0.9535261,0.1391126
42.04964,-0.5292327,1.375743,-0.2774909,-0.2649195,-0.03884912,-0.9533897,0.1391275
42.09964,-0.5498275,1.375916,-0.2893229,-0.2653964,-0.03893021,-0.9532516,0.1391426
42.14964,-0.5704037,1.376017,-0.3011928,-0.2658783,-0.03901214,-0.9531117,0.1391578
42.19964,-0.5909592,1.376049,-0.313098,-0.2663647,-0.03909486,-0.9529703,0.1391731
42.24964,-0.6114945,1.376017,-0.325037,-0.2668555,-0.03917832,-0.9528273,0.1391885
42.29964,-0.6320096,1.375922,-0.3370092,-0.2673503,-0.03926247,-0.9526828,0.139204
42.34964,-0.6525079,1.375768,-0.349015,-0.2678491,-0.03934729,-0.9525369,0.1392195
42.39964,-0.6729866,1.375558,-0.3610523,-0.2683514,-0.03943273,-0.9523897,0.1392352
42.44964,-0.6934462,1.375295,-0.3731198,-0.2688572,-0.03951875,-0.9522411,0.1392509
42.49964,-0.7138895,1.37498,-0.3852191,-0.2693663,-0.03960533,-0.9520914,0.1392667
42.54964,-0.7343143,1.374617,-0.3973477,-0.2698784,-0.03969242,-0.9519404,0.1392825
42.59964,-0.7547234,1.374208,-0.4095061,-0.2703935,-0.03978002,-0.9517882,0.1392984
42.64964,-0.7751139,1.373755,-0.4216926,-0.2709112,-0.03986808,-0.951635,0.1393144
42.69963,-0.7954893,1.373259,-0.4339082,-0.2714315,-0.03995658,-0.9514807,0.1393303
42.74963,-0.8158463,1.372724,-0.4461508,-0.2719543,-0.04004548,-0.9513253,0.1393463
42.79963,-0.8361887,1.372149,-0.4584215,-0.2724793,-0.04013479,-0.951169,0.1393624
42.84963,-0.8565158,1.371538,-0.4707201,-0.2730065,-0.04022447,-0.9510116,0.1393785
42.89963,-0.8768251,1.370892,-0.4830444,-0.2735356,-0.04031447,-0.9508533,0.1393946
42.94963,-0.8971199,1.370212,-0.4953959,-0.2740667,-0.04040481,-0.9506943,0.1394106
42.99963,-0.9174,1.369501,-0.5077741,-0.2745996,-0.04049546,-0.9505343,0.1394268
43.04963,-0.9376624,1.368758,-0.5201769,-0.2751341,-0.04058638,-0.9503734,0.1394429
43.09963,-0.9579103,1.367987,-0.5326061,-0.2756701,-0.04067757,-0.9502118,0.139459
43.14963,-0.9781437,1.367188,-0.5450613,-0.2762077,-0.04076901,-0.9500495,0.1394751
43.19963,-0.9983629,1.366362,-0.5575423,-0.2767465,-0.04086068,-0.9498863,0.1394913
43.24963,-1.018564,1.365511,-0.5700471,-0.2772865,-0.04095254,-0.9497225,0.1395074
43.29963,-1.038751,1.364635,-0.5825775,-0.2778277,-0.04104461,-0.949558,0.1395235
43.34962,-1.058924,1.363737,-0.5951331,-0.2783699,-0.04113686,-0.9493928,0.1395396
43.39962,-1.079082,1.362817,-0.6077137,-0.2789131,-0.04122927,-0.949227,0.1395557
43.44962,-1.099222,1.361877,-0.6203177,-0.279457,-0.04132182,-0.9490606,0.1395717
43.49962,-1.119349,1.360916,-0.6329467,-0.2800017,-0.0414145,-0.9488936,0.1395878
43.54962,-1.13946,1.359938,-0.6456006,-0.2805471,-0.0415073,-0.9487261,0.1396038
43.59962,-1.159557,1.358941,-0.6582794,-0.2810932,-0.04160021,-0.948558,0.1396198
43.64962,-1.179639,1.357928,-0.6709831,-0.2816397,-0.04169321,-0.9483895,0.1396357
43.69962,-1.199706,1.356899,-0.6837115,-0.2821866,-0.04178628,-0.9482204,0.1396517
43.74962,-1.219759,1.355856,-0.6964648,-0.2827339,-0.0418794,-0.9480509,0.1396676
43.79962,-1.239796,1.354798,-0.7092428,-0.2832815,-0.04197259,-0.947881,0.1396834
43.84962,-1.259819,1.353728,-0.7220459,-0.2838292,-0.0420658,-0.9477107,0.1396992
43.89962,-1.279826,1.352646,-0.734874,-0.2843771,-0.04215902,-0.94754,0.139715
43.94962,-1.299818,1.351553,-0.7477269,-0.284925,-0.04225226,-0.9473689,0.1397308
43.99961,-1.319794,1.35045,-0.7606051,-0.2854728,-0.04234549,-0.9471975,0.1397464
44.04961,-1.339755,1.349337,-0.7735083,-0.2860204,-0.04243869,-0.9470258,0.1397621
44.09961,-1.3597,1.348216,-0.786437,-0.2865679,-0.04253187,-0.9468538,0.1397777
44.14961,-1.379627,1.347088,-0.7993894,-0.287115,-0.04262498,-0.9466816,0.1397932
44.19961,-1.39954,1.345953,-0.8123691,-0.2876618,-0.04271804,-0.946509,0.1398087
44.24961,-1.419437,1.344811,-0.8253748,-0.2882081,-0.04281103,-0.9463363,0.1398241
44.29961,-1.439318,1.343665,-0.8384066,-0.2887539,-0.04290393,-0.9461635,0.1398395
44.34961,-1.459182,1.342515,-0.8514647,-0.2892991,-0.04299673,-0.9459904,0.1398548
44.39961,-1.479029,1.341361,-0.8645489,-0.2898436,-0.04308941,-0.9458173,0.13987
44.44961,-1.498859,1.340205,-0.8776603,-0.2903874,-0.04318196,-0.945644,0.1398852
44.49961,-1.518671,1.339047,-0.8907983,-0.2909302,-0.04327437,-0.9454707,0.1399003
44.54961,-1.538466,1.337889,-0.9039638,-0.2914721,-0.04336661,-0.9452973,0.1399153
44.59961,-1.558243,1.33673,-0.9171569,-0.292013,-0.04345869,-0.9451239,0.1399303
44.6496,-1.578002,1.335573,-0.930378,-0.2925528,-0.04355057,-0.9449506,0.1399452
44.6996,-1.597742,1.334418,-0.9436274,-0.2930913,-0.04364226,-0.9447772,0.13996
44.7496,-1.617466,1.333265,-0.9569073,-0.2936287,-0.04373373,-0.944604,0.1399747
44.7996,-1.637171,1.332116,-0.9702165,-0.2941646,-0.04382497,-0.9444308,0.1399894
44.8496,-1.656857,1.330971,-0.9835551,-0.2946991,-0.04391596,-0.9442578,0.140004
44.8996,-1.676522,1.329833,-0.9969239,-0.295232,-0.04400669,-0.944085,0.1400184
44.9496,-1.69617,1.328701,-1.010325,-0.2957632,-0.04409714,-0.9439123,0.1400328
44.9996,-1.715797,1.327576,-1.023757,-0.2962927,-0.04418729,-0.9437399,0.1400471
45.0496,-1.735403,1.32646,-1.037221,-0.2968203,-0.04427711,-0.9435678,0.1400614
45.0996,-1.754987,1.325354,-1.050718,-0.2973459,-0.0443666,-0.943396,0.1400755
45.1496,-1.774552,1.324258,-1.064249,-0.2978694,-0.04445575,-0.9432244,0.1400895
45.1996,-1.794094,1.323174,-1.077813,-0.2983907,-0.04454451,-0.9430534,0.1401034
45.2496,-1.813613,1.322103,-1.091412,-0.2989097,-0.04463288,-0.9428829,0.1401173
45.29959,-1.83311,1.321047,-1.105048,-0.2994262,-0.04472083,-0.9427128,0.140131
45.34959,-1.852583,1.320006,-1.11872,-0.2999401,-0.04480834,-0.9425432,0.1401446
45.39959,-1.87203,1.318981,-1.132428,-0.3004512,-0.04489539,-0.9423742,0.1401581
45.44959,-1.891455,1.317975,-1.146176,-0.3009596,-0.04498195,-0.9422059,0.1401714
45.49959,-1.910852,1.316988,-1.159963,-0.3014649,-0.045068,-0.9420382,0.1401847
45.54959,-1.930225,1.316023,-1.173792,-0.301967,-0.04515351,-0.9418713,0.1401978
45.59959,-1.949569,1.315079,-1.187661,-0.3024657,-0.04523845,-0.9417053,0.1402109
45.64959,-1.968887,1.31416,-1.201574,-0.302961,-0.04532279,-0.9415401,0.1402237
45.69959,-1.988174,1.313267,-1.21553,-0.3034525,-0.0454065,-0.9413759,0.1402365
45.74959,-2.007433,1.312401,-1.229533,-0.3039401,-0.04548955,-0.9412127,0.1402491
45.79959,-2.026662,1.311565,-1.243584,-0.3044236,-0.0455719,-0.9410505,0.1402616
45.84959,-2.045857,1.31076,-1.257683,-0.3049028,-0.04565351,-0.9408897,0.1402739
45.89959,-2.06502,1.309989,-1.271832,-0.3053774,-0.04573435,-0.94073,0.1402861
45.94958,-2.084148,1.309254,-1.286035,-0.3058472,-0.04581437,-0.9405716,0.1402981
45.99958,-2.10324,1.308558,-1.300291,-0.3063119,-0.04589352,-0.9404148,0.1403099
46.04958,-2.122294,1.307902,-1.314605,-0.3067711,-0.04597175,-0.9402595,0.1403216
46.09958,-2.14131,1.307291,-1.328977,-0.3072248,-0.04604902,-0.9401059,0.1403331
46.14958,-2.160286,1.306726,-1.343412,-0.3076724,-0.04612527,-0.939954,0.1403445
46.19958,-2.179219,1.306211,-1.357911,-0.3081136,-0.04620042,-0.9398041,0.1403556
46.24958,-2.198107,1.30575,-1.372478,-0.308548,-0.04627442,-0.9396563,0.1403665
46.29958,-2.216947,1.305347,-1.387115,-0.3089752,-0.0463472,-0.9395108,0.1403773
46.34958,-2.23574,1.305005,-1.401828,-0.3093948,-0.04641867,-0.9393676,0.1403878
46.39958,-2.254481,1.304729,-1.41662,-0.3098061,-0.04648875,-0.939227,0.140398
46.44958,-2.273165,1.304525,-1.431494,-0.3102087,-0.04655733,-0.9390892,0.1404081
46.49958,-2.291791,1.304397,-1.446456,-0.3106019,-0.04662432,-0.9389545,0.1404178
46.54958,-2.310355,1.304353,-1.461511,-0.310985,-0.04668958,-0.9388229,0.1404273
46.59958,-2.328852,1.304399,-1.476667,-0.3113573,-0.04675302,-0.9386951,0.1404365
46.64957,-2.347278,1.304542,-1.491929,-0.3117179,-0.04681444,-0.938571,0.1404454
46.69957,-2.365625,1.304792,-1.507303,-0.3120657,-0.0468737,-0.9384512,0.140454
46.74957,-2.383884,1.305158,-1.522796,-0.3123995,-0.04693058,-0.938336,0.1404622
46.79957,-2.40204,1.305651,-1.53841,-0.3127181,-0.04698486,-0.938226,0.14047
46.84957,-2.42007,1.306283,-1.554143,-0.3130197,-0.04703625,-0.9381217,0.1404774
46.89957,-2.437934,1.307068,-1.569981,-0.3133022,-0.04708438,-0.938024,0.1404843
46.94957,-2.45555,1.308016,-1.58587,-0.3135628,-0.04712877,-0.9379337,0.1404906
46.99957,-2.472747,1.309132,-1.601676,-0.3137976,-0.04716878,-0.9378523,0.1404964
