0.05,7.296,1.321204,2.393479,0.2261196,0.03757847,-0.9600992,0.1602107
0.1,7.294435,1.321215,2.394497,0.2261192,0.0375784,-0.9600992,0.1602107
0.15,7.291821,1.321235,2.396193,0.2261175,0.03757813,-0.9600997,0.1602106
0.2,7.288157,1.321262,2.398566,0.2261129,0.03757739,-0.9601008,0.1602104
0.25,7.283436,1.321296,2.401612,0.2261033,0.03757582,-0.9601032,0.1602101
0.3,7.277658,1.321337,2.405321,0.2260858,0.03757297,-0.9601076,0.1602094
0.35,7.270817,1.321384,2.409688,0.2260569,0.03756827,-0.9601147,0.1602083
0.4,7.262906,1.321437,2.414706,0.2260126,0.03756105,-0.9601257,0.1602066
0.45,7.253922,1.321496,2.42036,0.2259481,0.03755055,-0.9601417,0.1602041
0.5000001,7.243855,1.32156,2.426643,0.2258581,0.03753589,-0.960164,0.1602007
0.5500001,7.233301,1.321624,2.433168,0.2257437,0.03751726,-0.9601924,0.1601963
0.6000001,7.222719,1.321686,2.439648,0.2256085,0.03749525,-0.9602259,0.1601911
0.6500001,7.212109,1.321746,2.446083,0.2254526,0.03746986,-0.9602645,0.1601851
0.7000001,7.201472,1.321803,2.452472,0.2252759,0.03744109,-0.9603083,0.1601783
0.7500001,7.190804,1.321857,2.458817,0.2250783,0.03740892,-0.9603571,0.1601707
0.8000001,7.180109,1.32191,2.465116,0.22486,0.03737337,-0.960411,0.1601623
0.8500001,7.169387,1.321959,2.471369,0.2246208,0.03733442,-0.96047,0.1601532
0.9000002,7.158638,1.322007,2.477576,0.2243609,0.03729209,-0.960534,0.1601431
0.9500002,7.147861,1.322052,2.483736,0.2240801,0.03724637,-0.9606032,0.1601323
1,7.137058,1.322095,2.48985,0.2237784,0.03719725,-0.9606773,0.1601206
1.05,7.126228,1.322135,2.495917,0.2234559,0.03714473,-0.9607565,0.1601081
1.1,7.115371,1.322173,2.501937,0.2231125,0.03708882,-0.9608407,0.1600949
1.15,7.104485,1.322209,2.507911,0.2227482,0.0370295,-0.9609299,0.1600807
1.2,7.093572,1.322242,2.513838,0.222363,0.03696677,-0.961024,0.1600657
1.25,7.082633,1.322273,2.519718,0.221957,0.03690065,-0.961123,0.1600499
1.3,7.071667,1.322302,2.525551,0.22153,0.03683112,-0.9612269,0.1600333
1.35,7.060676,1.322328,2.531335,0.2210821,0.03675819,-0.9613357,0.1600158
1.4,7.049657,1.322352,2.537072,0.2206134,0.03668186,-0.9614494,0.1599974
1.45,7.038614,1.322374,2.542761,0.2201238,0.03660214,-0.9615678,0.1599782
1.5,7.027542,1.322393,2.548403,0.2196131,0.03651898,-0.9616911,0.1599582
1.55,7.016444,1.32241,2.553997,0.2190817,0.03643243,-0.9618191,0.1599372
1.6,7.00532,1.322424,2.559542,0.2185293,0.03634248,-0.9619519,0.1599154
1.649999,6.994171,1.322437,2.565039,0.217956,0.03624913,-0.9620891,0.1598928
1.699999,6.982997,1.322447,2.570487,0.2173618,0.03615237,-0.9622311,0.1598692
1.749999,6.971797,1.322455,2.575886,0.2167468,0.03605222,-0.9623776,0.1598447
1.799999,6.960573,1.32246,2.581237,0.2161109,0.03594868,-0.9625288,0.1598194
1.849999,6.949324,1.322464,2.586538,0.2154542,0.03584173,-0.9626842,0.1597931
1.899999,6.938047,1.322465,2.591791,0.2147764,0.03573136,-0.9628443,0.1597659
1.949999,6.926746,1.322464,2.596995,0.2140779,0.03561761,-0.9630088,0.1597379
1.999999,6.91542,1.322461,2.60215,0.2133585,0.03550047,-0.9631775,0.1597089
2.049999,6.90407,1.322455,2.607255,0.2126184,0.03537993,-0.9633506,0.159679
2.099999,6.892696,1.322447,2.61231,0.2118574,0.03525602,-0.9635279,0.1596481
2.149999,6.881298,1.322437,2.617315,0.2110757,0.03512872,-0.9637093,0.1596163
2.199999,6.869876,1.322425,2.622271,0.2102733,0.03499805,-0.9638948,0.1595835
2.249999,6.858428,1.322411,2.627178,0.2094499,0.03486396,-0.9640846,0.1595498
2.299999,6.846955,1.322395,2.632035,0.2086058,0.03472651,-0.9642783,0.1595152
2.349999,6.83546,1.322376,2.636841,0.2077411,0.03458568,-0.9644759,0.1594795
2.399999,6.823941,1.322356,2.641598,0.2068557,0.0344415,-0.9646774,0.1594429
2.449999,6.812399,1.322333,2.646303,0.2059496,0.03429395,-0.9648827,0.1594053
2.499999,6.800835,1.322308,2.650959,0.2050231,0.03414305,-0.9650917,0.1593667
2.549999,6.789247,1.322281,2.655563,0.2040759,0.03398881,-0.9653044,0.1593271
2.599999,6.777635,1.322252,2.660118,0.203108,0.03383118,-0.9655208,0.1592865
2.649999,6.765999,1.322221,2.664623,0.2021196,0.03367022,-0.9657407,0.1592448
2.699999,6.754342,1.322188,2.669076,0.2011108,0.03350592,-0.965964,0.1592022
2.749999,6.742663,1.322153,2.673479,0.2000815,0.03333831,-0.9661908,0.1591585
2.799999,6.730961,1.322116,2.67783,0.1990319,0.03316737,-0.9664207,0.1591137
2.849998,6.719238,1.322077,2.682131,0.197962,0.03299313,-0.9666539,0.159068
2.899998,6.707491,1.322036,2.686381,0.1968715,0.03281554,-0.9668903,0.1590211
2.949998,6.695722,1.321993,2.69058,0.1957608,0.03263465,-0.9671299,0.1589732
2.999998,6.683932,1.321949,2.694728,0.19463,0.03245048,-0.9673724,0.1589242
3.049998,6.672121,1.321902,2.698825,0.193479,0.03226303,-0.9676177,0.1588741
3.099998,6.660289,1.321853,2.70287,0.1923079,0.03207231,-0.9678658,0.1588229
3.149998,6.648437,1.321803,2.706864,0.1911169,0.03187834,-0.9681167,0.1587707
3.199998,6.636564,1.32175,2.710806,0.1899059,0.03168112,-0.9683703,0.1587173
3.249998,6.624668,1.321696,2.714698,0.1886748,0.0314806,-0.9686263,0.1586628
3.299998,6.612752,1.32164,2.718538,0.1874238,0.03127686,-0.9688849,0.1586071
3.349998,6.600816,1.321583,2.722327,0.1861531,0.0310699,-0.9691458,0.1585504
3.399998,6.58886,1.321523,2.726064,0.1848626,0.03085973,-0.9694089,0.1584924
3.449998,6.576885,1.321462,2.729749,0.1835526,0.03064638,-0.9696742,0.1584333
3.499998,6.564888,1.321399,2.733383,0.1822229,0.0304298,-0.9699417,0.1583731
3.549998,6.552872,1.321334,2.736966,0.1808736,0.03021005,-0.970211,0.1583117
3.599998,6.540836,1.321268,2.740497,0.179505,0.02998714,-0.9704823,0.1582491
3.649998,6.528782,1.3212,2.743976,0.1781171,0.02976108,-0.9707554,0.1581853
3.699998,6.516709,1.321131,2.747403,0.17671,0.0295319,-0.9710301,0.1581203
3.749998,6.504618,1.32106,2.750778,0.1752838,0.02929962,-0.9713063,0.1580541
3.799998,6.492509,1.320987,2.754102,0.1738387,0.02906424,-0.971584,0.1579867
3.849998,6.480379,1.320913,2.757375,0.1723743,0.02882572,-0.9718632,0.1579181
3.899997,6.468231,1.320837,2.760595,0.1708911,0.02858414,-0.9721435,0.1578482
3.949997,6.456066,1.32076,2.763764,0.1693892,0.02833952,-0.9724251,0.1577771
3.999997,6.443883,1.320681,2.766881,0.1678688,0.02809187,-0.9727076,0.1577047
4.049997,6.431683,1.320601,2.769947,0.1663298,0.0278412,-0.9729911,0.1576311
4.099998,6.419463,1.32052,2.772961,0.1647722,0.02758748,-0.9732754,0.1575562
4.149998,6.407227,1.320437,2.775923,0.1631962,0.02733079,-0.9735605,0.1574801
4.199998,6.394974,1.320353,2.778834,0.1616022,0.02707115,-0.9738462,0.1574026
4.249998,6.382705,1.320268,2.781693,0.1599903,0.02680858,-0.9741322,0.1573239
4.299998,6.370419,1.320181,2.7845,0.1583605,0.0265431,-0.9744186,0.1572439
4.349998,6.358118,1.320093,2.787256,0.1567129,0.02627473,-0.9747054,0.1571626
4.399999,6.345798,1.320004,2.78996,0.1550474,0.02600344,-0.9749923,0.15708
4.449999,6.333463,1.319914,2.792613,0.1533645,0.0257293,-0.9752793,0.1569961
4.499999,6.321112,1.319822,2.795214,0.1516642,0.02545235,-0.975566,0.1569108
4.549999,6.308746,1.31973,2.797764,0.1499469,0.0251726,-0.9758527,0.1568242
4.599999,6.296365,1.319636,2.800262,0.1482125,0.02489007,-0.976139,0.1567363
4.65,6.283967,1.319541,2.80271,0.1464609,0.02460474,-0.9764249,0.1566471
4.7,6.271554,1.319446,2.805106,0.1446927,0.0243167,-0.9767102,0.1565565
4.75,6.259128,1.319349,2.807451,0.1429079,0.02402596,-0.9769949,0.1564645
4.8,6.246687,1.319252,2.809744,0.1411068,0.02373256,-0.9772787,0.1563713
4.85,6.234232,1.319154,2.811986,0.1392896,0.02343654,-0.9775617,0.1562766
4.900001,6.221761,1.319054,2.814178,0.1374561,0.02313784,-0.9778436,0.1561806
4.950001,6.209277,1.318954,2.816319,0.1356068,0.02283657,-0.9781244,0.1560832
5.000001,6.196779,1.318854,2.818409,0.1337418,0.02253276,-0.9784039,0.1559845
5.050001,6.184269,1.318752,2.820447,0.1318615,0.02222644,-0.9786821,0.1558844
5.100001,6.171743,1.31865,2.822436,0.1299656,0.02191757,-0.9789588,0.1557829
5.150002,6.159204,1.318548,2.824374,0.1280547,0.02160627,-0.9792339,0.15568
5.200002,6.146654,1.318445,2.826261,0.126129,0.02129255,-0.9795071,0.1555758
5.250002,6.13409,1.318341,2.828098,0.1241888,0.02097646,-0.9797786,0.1554701
5.300002,6.121515,1.318237,2.829885,0.1222342,0.02065802,-0.9800482,0.1553631
5.350002,6.108926,1.318132,2.831621,0.1202651,0.02033722,-0.9803156,0.1552548
5.400002,6.096325,1.318027,2.833308,0.1182822,0.02001416,-0.9805808,0.155145
5.450003,6.083714,1.317922,2.834944,0.1162855,0.01968887,-0.9808437,0.1550339
5.500003,6.07109,1.317816,2.836531,0.1142756,0.0193614,-0.9811043,0.1549214
5.550003,6.058454,1.317711,2.838068,0.112252,0.01903172,-0.9813623,0.1548075
5.600003,6.045807,1.317605,2.839556,0.1102157,0.01869995,-0.9816176,0.1546922
5.650003,6.03315,1.317499,2.840993,0.1081667,0.01836611,-0.9818702,0.1545756
5.700004,6.020482,1.317392,2.842382,0.1061054,0.01803027,-0.9821199,0.1544576
5.750004,6.007804,1.317286,2.843721,0.104032,0.01769245,-0.9823665,0.1543383
5.800004,5.995114,1.317181,2.845012,0.1019464,0.01735263,-0.9826102,0.1542176
5.850004,5.982415,1.317075,2.846253,0.09984934,0.01701095,-0.9828506,0.1540955
5.900004,5.969707,1.316969,2.847446,0.09774116,0.01666745,-0.9830877,0.1539721
5.950005,5.956986,1.316864,2.848591,0.09562161,0.01632209,-0.9833215,0.1538474
6.000005,5.944257,1.316759,2.849687,0.0934915,0.01597502,-0.9835517,0.1537213
6.050005,5.93152,1.316654,2.850735,0.09135114,0.01562626,-0.9837783,0.1535939
6.100005,5.918773,1.31655,2.851735,0.08920085,0.01527589,-0.9840012,0.1534653
6.150005,5.906016,1.316446,2.852687,0.0870405,0.01492388,-0.9842203,0.1533353
6.200006,5.893251,1.316343,2.853591,0.08487096,0.01457036,-0.9844355,0.153204
6.250006,5.880478,1.316241,2.854449,0.08269255,0.0142154,-0.9846467,0.1530714
6.300006,5.867698,1.316139,2.855258,0.08050559,0.01385903,-0.9848537,0.1529376
6.350006,5.854908,1.316038,2.856021,0.07831006,0.01350127,-0.9850567,0.1528026
6.400006,5.84211,1.315939,2.856737,0.07610676,0.01314224,-0.9852553,0.1526663
6.450006,5.829306,1.31584,2.857407,0.07389603,0.01278199,-0.9854496,0.1525288
6.500007,5.816492,1.315742,2.85803,0.07167786,0.01242053,-0.9856395,0.1523901
6.550007,5.803672,1.315645,2.858607,0.06945319,0.012058,-0.9858249,0.1522502
6.600007,5.790846,1.31555,2.859138,0.06722235,0.01169447,-0.9860057,0.1521092
6.650007,5.778012,1.315456,2.859623,0.06498539,0.01132993,-0.9861819,0.151967
6.700007,5.765172,1.315364,2.860063,0.0627431,0.01096452,-0.9863532,0.1518237
6.750008,5.752326,1.315273,2.860458,0.06049602,0.01059833,-0.9865198,0.1516794
6.800008,5.739472,1.315183,2.860808,0.05824411,0.01023134,-0.9866815,0.1515339
6.850008,5.726613,1.315096,2.861114,0.0559884,0.009863735,-0.9868383,0.1513874
6.900008,5.713747,1.31501,2.861375,0.05372874,0.009495481,-0.9869902,0.1512399
6.950008,5.700875,1.314926,2.861592,0.05146617,0.009126749,-0.987137,0.1510915
7.000009,5.688,1.314845,2.861766,0.04920123,0.008757624,-0.9872786,0.150942
7.050009,5.675118,1.314765,2.861896,0.04693409,0.008388137,-0.9874151,0.1507917
7.100009,5.662232,1.314688,2.861983,0.0446657,0.008018445,-0.9875466,0.1506405
7.150009,5.64934,1.314613,2.862028,0.04239612,0.007648553,-0.9876727,0.1504884
7.200009,5.636444,1.314541,2.86203,0.04012637,0.00727863,-0.9877936,0.1503355
7.25001,5.623545,1.314472,2.86199,0.03785712,0.006908783,-0.9879091,0.1501818
7.30001,5.61064,1.314405,2.861908,0.03558846,0.006539031,-0.9880195,0.1500275
7.35001,5.597733,1.314342,2.861785,0.03332151,0.006169552,-0.9881244,0.1498724
7.40001,5.58482,1.314281,2.861622,0.0310565,0.005800387,-0.9882241,0.1497167
7.45001,5.571905,1.314224,2.861418,0.02879455,0.005431713,-0.9883183,0.1495605
7.50001,5.558986,1.314171,2.861173,0.02653587,0.005063572,-0.9884072,0.1494036
7.550011,5.546064,1.314121,2.86089,0.02428165,0.004696152,-0.9884907,0.1492463
7.600011,5.533138,1.314074,2.860567,0.02203218,0.004329507,-0.9885689,0.1490886
7.650011,5.520211,1.314032,2.860205,0.01978864,0.003963817,-0.9886417,0.1489305
7.700011,5.50728,1.313994,2.859805,0.01755158,0.003599183,-0.9887092,0.1487721
7.750011,5.494348,1.31396,2.859368,0.015322,0.003235764,-0.9887714,0.1486135
7.800012,5.481413,1.313931,2.858893,0.01310056,0.002873668,-0.9888282,0.1484547
7.850012,5.468477,1.313907,2.858382,0.01088844,0.002513089,-0.9888799,0.1482958
7.900012,5.455539,1.313887,2.857835,0.00868619,0.002154116,-0.9889264,0.148137
7.950012,5.442599,1.313873,2.857252,0.00649488,0.001796919,-0.9889677,0.1479781
8.000012,5.429659,1.313865,2.856634,0.004315848,0.001441723,-0.9890039,0.1478194
8.050013,5.416717,1.313862,2.855983,0.002149683,0.00108862,-0.9890351,0.147661
8.100013,5.403774,1.313865,2.855298,-2.458338E-06,0.0007377975,-0.9890614,0.1475028
8.150013,5.390831,1.313874,2.85458,-0.002139048,0.0003895053,-0.9890827,0.1473451
8.200013,5.377888,1.31389,2.85383,-0.004259249,4.388395E-05,-0.9890994,0.147188
8.250013,5.364944,1.313913,2.853049,-0.006361781,-0.000298859,-0.9891113,0.1470314
8.300014,5.352,1.313943,2.852237,-0.008445378,-0.0006385201,-0.9891188,0.1468756
8.350014,5.339057,1.313981,2.851397,-0.01050827,-0.0009748106,-0.9891217,0.1467207
8.400014,5.326116,1.314026,2.850528,-0.01254931,-0.00130754,-0.9891204,0.1465668
8.450014,5.313174,1.31408,2.84963,-0.014567,-0.001636468,-0.9891148,0.1464141
8.500014,5.300234,1.314143,2.848707,-0.01655972,-0.001961324,-0.9891052,0.1462626
8.550014,5.287295,1.314215,2.847758,-0.01852573,-0.002281833,-0.9890918,0.1461126
8.600015,5.274357,1.314296,2.846784,-0.02046319,-0.002597691,-0.9890748,0.1459641
8.650015,5.261422,1.314387,2.845788,-0.02237025,-0.002908594,-0.9890543,0.1458175
8.700015,5.248488,1.31449,2.84477,-0.02424479,-0.003214199,-0.9890305,0.1456728
8.750015,5.235557,1.314603,2.843731,-0.0260847,-0.00351416,-0.9890037,0.1455302
8.800015,5.222629,1.314728,2.842674,-0.02788758,-0.003808087,-0.988974,0.14539
8.850016,5.209704,1.314866,2.8416,-0.02965099,-0.004095579,-0.9889417,0.1452525
8.900016,5.196784,1.315017,2.84051,-0.03137223,-0.004376199,-0.9889072,0.1451177
8.950016,5.183866,1.315181,2.839406,-0.03304861,-0.004649512,-0.9888707,0.144986
9.000016,5.170953,1.31536,2.838291,-0.03467685,-0.004914976,-0.9888324,0.1448577
9.050016,5.158048,1.315555,2.837167,-0.03625337,-0.005172004,-0.9887929,0.1447331
9.100017,5.145148,1.315766,2.836037,-0.0377748,-0.00542006,-0.9887522,0.1446125
9.150017,5.132258,1.315995,2.834902,-0.03923681,-0.005658428,-0.9887109,0.1444962
9.200017,5.11938,1.316242,2.833766,-0.04063523,-0.005886429,-0.9886694,0.1443847
9.250017,5.106514,1.316509,2.832632,-0.04196525,-0.006103276,-0.988628,0.1442784
9.300017,5.093665,1.316796,2.831504,-0.04322159,-0.006308117,-0.9885874,0.1441777
9.350018,5.080836,1.317106,2.830386,-0.0443985,-0.006500003,-0.9885477,0.1440832
9.400018,5.068031,1.31744,2.829283,-0.04548969,-0.006677919,-0.9885097,0.1439954
9.450018,5.055258,1.317798,2.828198,-0.04648827,-0.006840728,-0.9884739,0.1439148
9.500018,5.042525,1.318184,2.827139,-0.04738642,-0.006987171,-0.9884408,0.1438422
9.550018,5.029845,1.318598,2.826112,-0.04817567,-0.007115859,-0.988411,0.1437784
9.600019,5.017234,1.319041,2.825124,-0.04884694,-0.007225308,-0.9883851,0.143724
9.650019,5.004718,1.319516,2.824183,-0.04939027,-0.007313901,-0.9883639,0.1436799
9.700019,4.992328,1.320023,2.8233,-0.04979543,-0.007379958,-0.9883479,0.143647
9.750019,4.980114,1.320563,2.822484,-0.05005224,-0.007421829,-0.9883376,0.1436261
9.800019,4.969325,1.321076,2.821817,-0.05014902,-0.00743761,-0.9883338,0.1436183
9.850019,4.969185,1.321083,2.821809,-0.0501494,-0.007437672,-0.9883337,0.1436182
9.90002,4.969184,1.321083,2.821809,-0.05014937,-0.007437672,-0.9883337,0.1436182
9.95002,4.969184,1.321083,2.821809,-0.05014937,-0.007437672,-0.9883337,0.1436182
10.00002,4.969184,1.321083,2.821809,-0.0501494,-0.007437672,-0.9883337,0.1436182
10.05002,4.954856,1.321719,2.821335,-0.05013622,-0.00743586,-0.9883354,0.1436111
10.10002,4.942228,1.322112,2.821679,-0.05008656,-0.007428777,-0.988341,0.1435906
10.15002,4.929061,1.322378,2.822696,-0.0500044,-0.00741706,-0.9883502,0.1435565
10.20002,4.915366,1.32252,2.824372,-0.04989041,-0.007400802,-0.9883629,0.1435093
10.25002,4.90115,1.322541,2.826692,-0.04974527,-0.007380101,-0.9883791,0.1434492
10.30002,4.886425,1.322446,2.829643,-0.04956965,-0.007355053,-0.9883987,0.1433764
10.35002,4.871198,1.322237,2.83321,-0.04936423,-0.007325756,-0.9884216,0.1432913
10.40002,4.855482,1.32192,2.837379,-0.04912969,-0.007292305,-0.9884475,0.1431941
10.45002,4.839285,1.321498,2.842136,-0.04886673,-0.007254802,-0.9884766,0.1430851
10.50002,4.822843,1.320981,2.847393,-0.04858007,-0.007213916,-0.9885083,0.1429663
10.55002,4.806371,1.320385,2.853044,-0.04827505,-0.007170413,-0.9885418,0.1428399
10.60002,4.789935,1.31972,2.859032,-0.04795461,-0.007124711,-0.9885769,0.1427071
10.65002,4.773561,1.318997,2.86531,-0.04762091,-0.007077119,-0.9886134,0.1425687
10.70002,4.757261,1.318222,2.871843,-0.04727568,-0.007027881,-0.9886509,0.1424256
10.75002,4.741039,1.317402,2.8786,-0.04692027,-0.00697719,-0.9886894,0.1422782
10.80002,4.724894,1.316542,2.885558,-0.04655579,-0.006925206,-0.9887288,0.142127
10.85002,4.708826,1.315647,2.892695,-0.04618321,-0.006872068,-0.9887688,0.1419725
10.90002,4.692832,1.314722,2.899993,-0.04580341,-0.006817898,-0.9888094,0.1418149
10.95002,4.676907,1.31377,2.907438,-0.04541698,-0.006762784,-0.9888506,0.1416546
11.00002,4.661047,1.312793,2.915017,-0.04502456,-0.006706815,-0.9888923,0.1414917
11.05002,4.645248,1.311795,2.922718,-0.04462665,-0.006650064,-0.9889343,0.1413266
11.10002,4.629506,1.310777,2.930531,-0.04422367,-0.006592589,-0.9889767,0.1411593
11.15002,4.61382,1.309743,2.938447,-0.04381612,-0.006534461,-0.9890193,0.1409901
11.20002,4.598183,1.308694,2.946458,-0.0434043,-0.006475726,-0.9890622,0.1408191
11.25002,4.582593,1.307632,2.954556,-0.04298854,-0.006416429,-0.9891053,0.1406465
11.30002,4.567052,1.306559,2.962735,-0.04256922,-0.006356623,-0.9891486,0.1404723
11.35003,4.551552,1.305475,2.970988,-0.04214656,-0.006296341,-0.989192,0.1402967
11.40003,4.536094,1.304383,2.97931,-0.0417208,-0.006235617,-0.9892355,0.1401199
11.45003,4.520673,1.303283,2.987696,-0.04129219,-0.006174486,-0.9892791,0.1399418
11.50003,4.50529,1.302177,2.996141,-0.04086093,-0.006112976,-0.9893227,0.1397625
11.55003,4.48994,1.301065,3.004641,-0.04042721,-0.006051117,-0.9893664,0.1395823
11.60003,4.474623,1.29995,3.013193,-0.03999122,-0.005988933,-0.98941,0.139401
11.65003,4.459335,1.298831,3.021793,-0.03955305,-0.005926439,-0.9894536,0.1392189
11.70003,4.444076,1.297709,3.030436,-0.03911291,-0.005863664,-0.9894973,0.1390358
11.75003,4.428845,1.296587,3.039121,-0.03867096,-0.00580063,-0.9895408,0.138852
11.80003,4.413641,1.295462,3.047843,-0.03822735,-0.005737358,-0.9895843,0.1386675
11.85003,4.398459,1.294338,3.056602,-0.0377821,-0.005673854,-0.9896277,0.1384822
11.90003,4.383302,1.293215,3.065393,-0.03733541,-0.005610144,-0.989671,0.1382964
11.95003,4.368166,1.292092,3.074214,-0.03688741,-0.005546246,-0.9897142,0.1381099
12.00003,4.353051,1.290971,3.083064,-0.0364381,-0.005482162,-0.9897573,0.1379229
12.05003,4.337955,1.289853,3.091939,-0.03598768,-0.00541792,-0.9898002,0.1377354
12.10003,4.322876,1.288737,3.100839,-0.03553614,-0.005353518,-0.989843,0.1375474
12.15003,4.307816,1.287625,3.10976,-0.03508368,-0.005288984,-0.9898857,0.137359
12.20003,4.29277,1.286516,3.118703,-0.03463027,-0.005224315,-0.9899282,0.1371701
12.25003,4.27774,1.285412,3.127663,-0.03417608,-0.005159534,-0.9899706,0.1369809
12.30003,4.262723,1.284313,3.136641,-0.03372109,-0.00509464,-0.9900126,0.1367913
12.35003,4.247718,1.28322,3.145635,-0.03326541,-0.005029647,-0.9900546,0.1366015
12.40003,4.232727,1.282132,3.154642,-0.03280915,-0.004964572,-0.9900964,0.1364113
12.45003,4.217746,1.28105,3.163662,-0.03235232,-0.004899415,-0.990138,0.1362209
12.50003,4.202777,1.279975,3.172692,-0.03189506,-0.004834196,-0.9901793,0.1360302
12.55003,4.187816,1.278908,3.181732,-0.03143735,-0.004768913,-0.9902205,0.1358394
12.60003,4.172864,1.277847,3.190782,-0.03097925,-0.004703574,-0.9902614,0.1356484
12.65003,4.157921,1.276795,3.199837,-0.03052089,-0.004638199,-0.9903021,0.1354572
12.70003,4.142984,1.275751,3.208899,-0.03006224,-0.004572782,-0.9903426,0.1352658
12.75003,4.128054,1.274715,3.217966,-0.02960337,-0.004507333,-0.9903829,0.1350744
12.80003,4.113128,1.273689,3.227037,-0.02914434,-0.004441861,-0.9904229,0.1348828
12.85003,4.098209,1.272672,3.236109,-0.02868525,-0.004376382,-0.9904627,0.1346912
12.90003,4.083294,1.271665,3.245184,-0.0282261,-0.004310893,-0.9905022,0.1344995
12.95003,4.068382,1.270669,3.254259,-0.02776691,-0.004245399,-0.9905415,0.1343078
13.00003,4.053473,1.269683,3.263335,-0.02730775,-0.004179907,-0.9905805,0.1341161
13.05003,4.038568,1.268708,3.272407,-0.02684872,-0.004114437,-0.9906192,0.1339244
13.10003,4.023664,1.267744,3.281477,-0.02638982,-0.004048983,-0.9906577,0.1337327
13.15003,4.00876,1.266792,3.290544,-0.02593106,-0.00398355,-0.990696,0.133541
13.20003,3.993857,1.265852,3.299607,-0.02547252,-0.003918148,-0.9907339,0.1333494
13.25003,3.978953,1.264924,3.308664,-0.02501421,-0.003852778,-0.9907717,0.1331579
13.30003,3.964048,1.264009,3.317716,-0.02455619,-0.003787449,-0.9908091,0.1329664
13.35003,3.949143,1.263108,3.326759,-0.02409858,-0.003722179,-0.9908462,0.1327751
13.40003,3.934237,1.26222,3.335793,-0.02364133,-0.003656962,-0.9908831,0.1325839
13.45003,3.919328,1.261346,3.34482,-0.02318451,-0.003591804,-0.9909196,0.1323929
13.50003,3.904415,1.260487,3.353836,-0.02272814,-0.003526712,-0.9909559,0.132202
13.55003,3.889499,1.259642,3.362841,-0.02227227,-0.00346169,-0.990992,0.1320113
13.60003,3.874578,1.258813,3.371835,-0.02181693,-0.003396744,-0.9910277,0.1318208
13.65003,3.859651,1.257999,3.380816,-0.02136217,-0.003331879,-0.991063,0.1316305
13.70003,3.84472,1.2572,3.389784,-0.02090803,-0.003267105,-0.9910982,0.1314404
13.75003,3.829782,1.256419,3.398738,-0.02045455,-0.003202423,-0.991133,0.1312506
13.80003,3.814838,1.255654,3.407676,-0.02000178,-0.003137844,-0.9911675,0.131061
13.85003,3.799886,1.254906,3.416598,-0.01954976,-0.003073371,-0.9912018,0.1308718
13.90003,3.784927,1.254176,3.425503,-0.01909853,-0.003009009,-0.9912357,0.1306828
13.95004,3.76996,1.253464,3.434389,-0.01864811,-0.002944765,-0.9912694,0.1304941
14.00004,3.754983,1.252771,3.443257,-0.01819858,-0.002880647,-0.9913027,0.1303058
14.05004,3.739998,1.252096,3.452105,-0.01774996,-0.002816658,-0.9913356,0.1301179
14.10004,3.725002,1.251441,3.460932,-0.0173023,-0.002752807,-0.9913684,0.1299303
14.15004,3.709996,1.250806,3.469737,-0.01685565,-0.002689099,-0.9914007,0.1297431
14.20004,3.694979,1.250191,3.478518,-0.01641004,-0.00262554,-0.9914328,0.1295563
14.25004,3.679951,1.249598,3.487277,-0.01596553,-0.002562137,-0.9914646,0.1293699
14.30004,3.66491,1.249026,3.49601,-0.01552215,-0.002498896,-0.991496,0.129184
14.35004,3.649856,1.248475,3.504717,-0.01507997,-0.002435825,-0.9915271,0.1289985
14.40004,3.634789,1.247948,3.513398,-0.01463901,-0.00237293,-0.991558,0.1288136
14.45004,3.619709,1.247443,3.52205,-0.01419935,-0.002310218,-0.9915884,0.1286291
14.50004,3.604613,1.246962,3.530673,-0.01376101,-0.002247696,-0.9916186,0.1284452
14.55004,3.589503,1.246506,3.539266,-0.01332407,-0.002185372,-0.9916484,0.1282618
14.60004,3.574376,1.246074,3.547827,-0.01288855,-0.002123252,-0.9916779,0.1280791
14.65004,3.559233,1.245668,3.556356,-0.01245453,-0.002061344,-0.9917071,0.1278969
14.70004,3.544074,1.245288,3.564851,-0.01202205,-0.001999658,-0.991736,0.1277153
14.75004,3.528896,1.244935,3.573311,-0.01159118,-0.001938201,-0.9917645,0.1275344
14.80004,3.5137,1.244609,3.581735,-0.01116196,-0.001876979,-0.9917927,0.1273541
14.85004,3.498483,1.244311,3.590122,-0.0107344,-0.001815992,-0.9918206,0.1271745
14.90004,3.483245,1.244043,3.598471,-0.01030861,-0.001755259,-0.9918482,0.1269957
14.95004,3.467987,1.243804,3.606779,-0.009884665,-0.001694789,-0.9918754,0.1268176
15.00004,3.452708,1.243595,3.615045,-0.009462619,-0.00163459,-0.9919022,0.1266402
15.05004,3.437407,1.243418,3.623268,-0.00904256,-0.001574674,-0.9919288,0.1264637
15.10004,3.422082,1.243273,3.631446,-0.008624547,-0.00151505,-0.991955,0.126288
15.15004,3.406732,1.243162,3.63958,-0.008208568,-0.001455716,-0.9919809,0.1261131
15.20004,3.391357,1.243084,3.647665,-0.007794785,-0.001396695,-0.9920064,0.1259391
15.25004,3.375956,1.243041,3.655701,-0.007383266,-0.001337997,-0.9920316,0.1257661
15.30004,3.36053,1.243034,3.663685,-0.006974109,-0.001279636,-0.9920564,0.125594
15.35004,3.345074,1.243064,3.671617,-0.006567313,-0.001221611,-0.9920809,0.1254229
15.40004,3.32959,1.243132,3.679493,-0.006163036,-0.001163946,-0.992105,0.1252528
15.45004,3.314077,1.24324,3.687313,-0.005761364,-0.001106652,-0.9921288,0.1250837
15.50004,3.298531,1.243387,3.695074,-0.005362342,-0.001049737,-0.9921523,0.1249158
15.55004,3.282954,1.243577,3.702774,-0.004966113,-0.0009932193,-0.9921753,0.1247491
15.60004,3.267345,1.243809,3.710411,-0.004572793,-0.0009371164,-0.9921981,0.1245835
15.65004,3.251703,1.244085,3.717981,-0.004182493,-0.0008814448,-0.9922205,0.1244192
15.70004,3.236023,1.244407,3.725484,-0.003795244,-0.0008262081,-0.9922426,0.1242562
15.75004,3.220308,1.244776,3.732916,-0.003411242,-0.0007714342,-0.9922643,0.1240944
15.80004,3.204556,1.245194,3.740274,-0.003030608,-0.000717141,-0.9922855,0.1239341
15.85004,3.188763,1.245662,3.747556,-0.002653401,-0.0006633368,-0.9923065,0.1237752
15.90004,3.172931,1.246182,3.754759,-0.002279841,-0.0006100523,-0.9923271,0.1236179
15.95004,3.157054,1.246757,3.76188,-0.001909991,-0.0005572969,-0.9923473,0.123462
16.00004,3.141136,1.247387,3.768915,-0.001544067,-0.0005051023,-0.9923671,0.1233078
16.05004,3.12517,1.248074,3.775861,-0.001182189,-0.0004534837,-0.9923866,0.1231553
16.10004,3.109158,1.248822,3.782714,-0.0008245535,-0.0004024711,-0.9924057,0.1230046
16.15004,3.093096,1.249632,3.78947,-0.0004712953,-0.0003520821,-0.9924244,0.1228557
16.20004,3.076984,1.250507,3.796125,-0.0001226824,-0.0003023563,-0.9924427,0.1227087
16.25004,3.060818,1.251449,3.802674,0.0002211624,-0.0002533096,-0.9924606,0.1225637
16.30004,3.044596,1.252461,3.809114,0.0005600193,-0.0002049754,-0.9924781,0.1224208
16.35004,3.028317,1.253545,3.815439,0.0008935981,-0.0001573938,-0.9924952,0.1222802
16.40004,3.011979,1.254706,3.821643,0.001221712,-0.0001105912,-0.9925119,0.1221417
16.45004,2.995577,1.255946,3.827721,0.001544086,-6.460783E-05,-0.9925282,0.1220058
16.50003,2.979111,1.257269,3.833666,0.001860401,-1.948873E-05,-0.9925441,0.1218723
16.55003,2.962577,1.258678,3.839472,0.002170405,2.473118E-05,-0.9925595,0.1217415
16.60003,2.945971,1.260178,3.845133,0.002473761,6.800212E-05,-0.9925745,0.1216135
16.65003,2.929291,1.261774,3.850639,0.002770127,0.0001102761,-0.992589,0.1214884
16.70003,2.912531,1.263469,3.855983,0.003059122,0.0001514979,-0.9926031,0.1213664
16.75003,2.89569,1.265269,3.861157,0.003340337,0.0001916115,-0.9926166,0.1212477
16.80003,2.878762,1.26718,3.866151,0.003613333,0.0002305513,-0.9926297,0.1211325
16.85003,2.861745,1.269208,3.870952,0.003877611,0.0002682481,-0.9926423,0.1210209
16.90003,2.844632,1.271359,3.875551,0.004132646,0.0003046268,-0.9926544,0.1209132
16.95003,2.827416,1.27364,3.879934,0.00437789,0.000339609,-0.9926659,0.1208097
17.00003,2.810095,1.276061,3.884088,0.004612675,0.0003730995,-0.992677,0.1207105
17.05003,2.792661,1.278629,3.887996,0.004836293,0.0004049966,-0.9926873,0.1206161
17.10003,2.775107,1.281354,3.891643,0.005047999,0.000435195,-0.9926972,0.1205267
17.15002,2.757427,1.284247,3.895009,0.005246892,0.000463565,-0.9927063,0.1204427
17.20002,2.739609,1.28732,3.898072,0.005432027,0.0004899733,-0.9927148,0.1203645
17.25002,2.721647,1.290587,3.900809,0.005602309,0.0005142628,-0.9927225,0.1202925
17.30002,2.703528,1.294062,3.903194,0.005756514,0.0005362583,-0.9927295,0.1202274
17.35002,2.685242,1.297764,3.905195,0.005893237,0.0005557608,-0.9927357,0.1201696
17.40002,2.668647,1.301302,3.906637,0.005999932,0.0005709805,-0.9927406,0.1201245
17.45002,2.653241,1.304746,3.907641,0.006083343,0.0005828785,-0.9927443,0.1200893
17.50002,2.63905,1.308062,3.908264,0.006146143,0.0005918356,-0.9927471,0.1200628
17.55002,2.626102,1.311214,3.908568,0.006191106,0.0005982497,-0.9927492,0.1200438
17.60002,2.614426,1.314164,3.908615,0.006221084,0.0006025257,-0.9927505,0.1200311
17.65002,2.604045,1.316876,3.908468,0.006238939,0.0006050725,-0.9927512,0.1200235
17.70002,2.594987,1.319314,3.90819,0.006247495,0.0006062934,-0.9927517,0.1200199
17.75002,2.592149,1.320092,3.908072,0.006248794,0.0006064787,-0.9927517,0.1200194
17.80001,2.592144,1.320093,3.908072,0.006248791,0.0006064777,-0.9927517,0.1200194
17.85001,2.592144,1.320093,3.908072,0.006248791,0.0006064777,-0.9927517,0.1200194
17.90001,2.592144,1.320093,3.908072,0.006248794,0.0006064787,-0.9927517,0.1200194
17.95001,2.592144,1.320093,3.908072,0.006248794,0.0006064787,-0.9927517,0.1200194
18.00001,2.592145,1.320092,3.908072,0.006248791,0.0006064777,-0.9927517,0.1200194
18.05001,2.587532,1.321371,3.907851,0.006249396,0.0006065634,-0.9927518,0.1200191
18.10001,2.585669,1.321887,3.907755,0.006248261,0.0006063991,-0.9927518,0.1200192
18.15001,2.582556,1.322738,3.907591,0.006243355,0.000605689,-0.9927517,0.1200196
18.20001,2.568291,1.326487,3.906794,0.006174632,0.0005957407,-0.9927514,0.1200257
18.25001,2.55403,1.329999,3.905926,0.006034798,0.0005754983,-0.9927508,0.120038
18.30001,2.539773,1.333293,3.904992,0.005829664,0.0005458034,-0.9927499,0.1200561
18.35001,2.525517,1.336387,3.903996,0.005564265,0.0005073846,-0.9927486,0.1200795
18.40001,2.511267,1.339295,3.902945,0.00524309,0.0004608916,-0.9927469,0.1201078
18.45,2.497021,1.34203,3.901839,0.004870106,0.0004068991,-0.9927449,0.1201407
18.5,2.482778,1.344605,3.900685,0.004448774,0.0003459076,-0.9927424,0.1201778
18.55,2.468537,1.347029,3.899483,0.003982228,0.0002783711,-0.9927394,0.1202189
18.6,2.454302,1.349312,3.898238,0.003473369,0.0002047096,-0.9927359,0.1202636
18.65,2.44007,1.351463,3.89695,0.002924682,0.0001252827,-0.9927319,0.1203118
18.7,2.425841,1.353488,3.895623,0.002338463,4.042282E-05,-0.9927271,0.1203633
18.75,2.411615,1.355397,3.894259,0.001716822,-4.956443E-05,-0.9927219,0.1204179
18.8,2.397392,1.357193,3.892859,0.001061674,-0.0001444022,-0.9927158,0.1204753
18.85,2.383173,1.358885,3.891426,0.0003747923,-0.0002438332,-0.9927089,0.1205354
18.9,2.368957,1.360476,3.889959,-0.0003422085,-0.0003476243,-0.9927013,0.1205982
18.95,2.354745,1.361973,3.888462,-0.001087834,-0.0004555587,-0.9926928,0.1206633
19,2.340533,1.363379,3.886934,-0.001860872,-0.0005674611,-0.9926834,0.1207308
19.05,2.326324,1.364699,3.885378,-0.002659909,-0.0006831268,-0.992673,0.1208005
19.09999,2.312119,1.365937,3.883794,-0.003483747,-0.0008023826,-0.9926616,0.1208722
19.14999,2.297918,1.367096,3.882184,-0.00433127,-0.0009250664,-0.9926493,0.120946
19.19999,2.283718,1.36818,3.880548,-0.005201635,-0.001051057,-0.9926357,0.1210216
19.24999,2.269521,1.369192,3.878888,-0.006093726,-0.001180192,-0.992621,0.121099
19.29999,2.255326,1.370136,3.877204,-0.007006776,-0.00131236,-0.9926051,0.1211782
19.34999,2.241133,1.371014,3.875497,-0.007939833,-0.001447425,-0.9925882,0.1212589
19.39999,2.226945,1.371828,3.873768,-0.00889204,-0.001585261,-0.9925698,0.1213412
19.44999,2.212758,1.372581,3.872017,-0.009862876,-0.001725794,-0.9925501,0.121425
19.49999,2.198575,1.373276,3.870246,-0.01085145,-0.001868894,-0.9925291,0.1215102
19.54999,2.184392,1.373914,3.868454,-0.01185728,-0.002014492,-0.9925067,0.1215968
19.59999,2.170213,1.374498,3.866642,-0.01287955,-0.002162469,-0.9924829,0.1216847
19.64999,2.156036,1.37503,3.864811,-0.01391791,-0.002312774,-0.9924576,0.1217738
19.69999,2.141859,1.375511,3.862961,-0.01497173,-0.002465318,-0.9924308,0.1218641
19.74998,2.127686,1.375944,3.861093,-0.01604034,-0.002620002,-0.9924025,0.1219555
19.79998,2.113514,1.37633,3.859207,-0.0171234,-0.002776776,-0.9923726,0.122048
19.84998,2.099347,1.376671,3.857305,-0.0182202,-0.002935539,-0.992341,0.1221416
19.89998,2.08518,1.376968,3.855385,-0.01933055,-0.003096264,-0.992308,0.1222361
19.94998,2.071014,1.377222,3.853448,-0.02045398,-0.003258882,-0.9922732,0.1223316
19.99998,2.056852,1.377436,3.851496,-0.02158987,-0.003423304,-0.9922366,0.1224281
20.04998,2.042691,1.37761,3.849528,-0.02273804,-0.003589502,-0.9921983,0.1225253
20.09998,2.028535,1.377745,3.847544,-0.02389784,-0.003757382,-0.9921584,0.1226235
20.14998,2.014379,1.377844,3.845546,-0.02506921,-0.003926937,-0.9921166,0.1227224
20.19998,2.000224,1.377906,3.843532,-0.02625176,-0.00409811,-0.9920729,0.122822
20.24998,1.986071,1.377934,3.841504,-0.02744515,-0.004270853,-0.9920275,0.1229225
20.29998,1.971921,1.377928,3.839462,-0.02864882,-0.004445083,-0.9919802,0.1230236
20.34998,1.957773,1.377889,3.837405,-0.02986273,-0.004620793,-0.991931,0.1231254
20.39997,1.943625,1.377818,3.835335,-0.03108656,-0.004797941,-0.9918798,0.1232278
20.44997,1.929482,1.377716,3.833252,-0.03231974,-0.00497644,-0.9918267,0.1233308
20.49997,1.91534,1.377585,3.831156,-0.03356229,-0.005156294,-0.9917716,0.1234345
20.54997,1.901199,1.377424,3.829046,-0.03481394,-0.005337467,-0.9917145,0.1235387
20.59997,1.887059,1.377236,3.826923,-0.03607445,-0.005519921,-0.9916555,0.1236434
20.64997,1.872923,1.377019,3.824788,-0.03734324,-0.005703574,-0.9915943,0.1237486
20.69997,1.858788,1.376777,3.822641,-0.0386204,-0.005888437,-0.9915311,0.1238543
20.74997,1.844655,1.376508,3.820481,-0.03990568,-0.006074475,-0.9914657,0.1239605
20.79997,1.830522,1.376214,3.818309,-0.04119886,-0.006261655,-0.9913984,0.1240671
20.84997,1.816391,1.375896,3.816125,-0.0424997,-0.006449945,-0.9913289,0.1241741
20.89997,1.802264,1.375554,3.81393,-0.04380772,-0.006639273,-0.9912573,0.1242816
20.94997,1.788138,1.375189,3.811723,-0.04512301,-0.006829652,-0.9911835,0.1243894
20.99997,1.774013,1.374802,3.809505,-0.04644536,-0.007021053,-0.9911074,0.1244975
21.04996,1.759889,1.374392,3.807275,-0.04777458,-0.007213448,-0.9910291,0.124606
21.09996,1.745766,1.373962,3.805034,-0.04911048,-0.007406809,-0.9909488,0.1247149
21.14996,1.731644,1.373511,3.802782,-0.05045286,-0.007601108,-0.9908662,0.124824
21.19996,1.717527,1.37304,3.800519,-0.05180126,-0.007796277,-0.9907812,0.1249334
21.24996,1.703411,1.372549,3.798246,-0.0531558,-0.007992336,-0.9906941,0.1250431
21.29996,1.689295,1.37204,3.795962,-0.05451635,-0.008189262,-0.9906047,0.125153
21.34996,1.675181,1.371512,3.793667,-0.0558827,-0.008387027,-0.9905129,0.1252632
21.39996,1.661068,1.370966,3.791362,-0.05725471,-0.008585611,-0.9904189,0.1253736
21.44996,1.646956,1.370403,3.789046,-0.05863219,-0.008784989,-0.9903226,0.1254841
21.49996,1.632849,1.369823,3.786721,-0.06001468,-0.008985086,-0.9902239,0.1255949
21.54996,1.618744,1.369227,3.784385,-0.06140235,-0.009185935,-0.9901229,0.1257058
21.59996,1.604639,1.368614,3.782039,-0.06279505,-0.009387514,-0.9900196,0.1258169
21.64996,1.590535,1.367986,3.779684,-0.06419266,-0.0095898,-0.9899139,0.1259281
21.69995,1.576432,1.367343,3.777318,-0.06559504,-0.009792777,-0.9898058,0.1260395
21.74995,1.562331,1.366685,3.774943,-0.06700204,-0.009996422,-0.9896953,0.126151
21.79995,1.548231,1.366013,3.772557,-0.06841353,-0.01020071,-0.9895824,0.1262626
21.84995,1.534132,1.365328,3.770162,-0.06982937,-0.01040564,-0.9894671,0.1263743
21.89995,1.520033,1.364628,3.767758,-0.07124943,-0.01061117,-0.9893494,0.1264861
21.94995,1.50594,1.363916,3.765344,-0.0726732,-0.01081724,-0.9892293,0.1265979
21.99995,1.491848,1.363191,3.762921,-0.07410096,-0.01102389,-0.9891067,0.1267098
22.04995,1.477758,1.362454,3.760489,-0.07553256,-0.01123109,-0.9889817,0.1268217
22.09995,1.463668,1.361705,3.758047,-0.07696785,-0.01143882,-0.9888544,0.1269336
22.14995,1.44958,1.360945,3.755595,-0.07840675,-0.01164708,-0.9887245,0.1270456
22.19995,1.435493,1.360173,3.753135,-0.07984915,-0.01185584,-0.9885921,0.1271576
22.24995,1.421407,1.35939,3.750665,-0.08129489,-0.01206509,-0.9884574,0.1272696
22.29995,1.407323,1.358597,3.748186,-0.08274388,-0.0122748,-0.9883202,0.1273815
22.34995,1.393239,1.357794,3.745698,-0.08419601,-0.01248497,-0.9881804,0.1274935
22.39994,1.379157,1.356981,3.743201,-0.0856512,-0.01269558,-0.9880382,0.1276054
22.44994,1.365076,1.356159,3.740694,-0.08710928,-0.01290661,-0.9878936,0.1277173
22.49994,1.350997,1.355327,3.738179,-0.08857016,-0.01311804,-0.9877465,0.1278291
22.54994,1.336919,1.354487,3.735655,-0.09003372,-0.01332986,-0.9875968,0.1279408
22.59994,1.322842,1.353638,3.733121,-0.09149989,-0.01354206,-0.9874446,0.1280525
22.64994,1.308767,1.352781,3.730579,-0.09296855,-0.01375462,-0.9872901,0.1281641
22.69994,1.294696,1.351916,3.728029,-0.09443919,-0.01396746,-0.987133,0.1282756
22.74994,1.280627,1.351044,3.72547,-0.09591214,-0.01418064,-0.9869734,0.128387
22.79994,1.266559,1.350164,3.722901,-0.09738725,-0.01439413,-0.9868114,0.1284983
22.84994,1.252493,1.349278,3.720324,-0.09886446,-0.01460792,-0.9866469,0.1286095
22.89994,1.238427,1.348384,3.717738,-0.1003437,-0.014822,-0.9864798,0.1287205
22.94994,1.224363,1.347485,3.715144,-0.1018247,-0.01503635,-0.9863104,0.1288314
22.99994,1.210301,1.346579,3.71254,-0.1033076,-0.01525095,-0.9861384,0.1289422
23.04993,1.19624,1.345667,3.709928,-0.1047921,-0.0154658,-0.9859639,0.1290528
23.09993,1.18218,1.34475,3.707307,-0.1062782,-0.01568088,-0.985787,0.1291632
23.14993,1.168122,1.343828,3.704677,-0.1077658,-0.01589617,-0.9856075,0.1292735
23.19993,1.154065,1.342901,3.702039,-0.1092548,-0.01611166,-0.9854256,0.1293836
23.24993,1.14001,1.341969,3.699391,-0.1107451,-0.01632734,-0.9852413,0.1294935
23.29993,1.125956,1.341033,3.696735,-0.1122366,-0.01654319,-0.9850544,0.1296032
23.34993,1.111903,1.340092,3.69407,-0.1137292,-0.01675921,-0.9848651,0.1297127
23.39993,1.097853,1.339148,3.691397,-0.1152228,-0.01697537,-0.9846734,0.129822
23.44993,1.083803,1.3382,3.688714,-0.1167173,-0.01719166,-0.9844792,0.1299312
23.49993,1.069756,1.337249,3.686023,-0.1182127,-0.01740806,-0.9842826,0.13004
23.54993,1.055709,1.336294,3.683323,-0.1197087,-0.01762457,-0.9840836,0.1301487
23.59993,1.041665,1.335337,3.680615,-0.1212054,-0.01784118,-0.9838821,0.1302571
23.64993,1.027622,1.334378,3.677897,-0.1227027,-0.01805786,-0.9836782,0.1303652
23.69992,1.01358,1.333416,3.675171,-0.1242004,-0.01827461,-0.9834719,0.1304731
23.74992,0.9995403,1.332452,3.672436,-0.1256985,-0.01849141,-0.9832633,0.1305808
23.79992,0.9855022,1.331487,3.669692,-0.1271968,-0.01870824,-0.9830522,0.1306882
23.84992,0.9714656,1.33052,3.666939,-0.1286954,-0.01892511,-0.9828387,0.1307953
23.89992,0.957431,1.329552,3.664177,-0.130194,-0.01914198,-0.9826229,0.1309021
23.94992,0.9433978,1.328583,3.661406,-0.1316925,-0.01935885,-0.9824048,0.1310087
23.99992,0.9293662,1.327614,3.658626,-0.133191,-0.01957571,-0.9821842,0.1311149
24.04992,0.9153367,1.326644,3.655838,-0.1346893,-0.01979253,-0.9819614,0.1312209
24.09992,0.901309,1.325675,3.65304,-0.1361873,-0.02000931,-0.9817362,0.1313265
24.14992,0.8872829,1.324705,3.650234,-0.1376849,-0.02022604,-0.9815087,0.1314318
24.19992,0.8732588,1.323736,3.647418,-0.1391821,-0.0204427,-0.981279,0.1315368
24.24992,0.8592364,1.322768,3.644593,-0.1406786,-0.02065927,-0.981047,0.1316415
24.29992,0.845216,1.321801,3.641759,-0.1421745,-0.02087574,-0.9808127,0.1317459
24.34991,0.8311938,1.320835,3.638915,-0.14367,-0.02109217,-0.9805762,0.1318499
24.39991,0.8171735,1.31987,3.636061,-0.1451647,-0.02130846,-0.9803374,0.1319536
24.44991,0.8031552,1.318908,3.633199,-0.1466584,-0.02152462,-0.9800964,0.132057
24.49991,0.7891387,1.317947,3.630327,-0.1481511,-0.02174063,-0.9798532,0.1321599
24.54991,0.775124,1.31699,3.627445,-0.1496426,-0.02195647,-0.9796079,0.1322625
24.59991,0.7611114,1.316034,3.624554,-0.1511329,-0.02217213,-0.9793604,0.1323648
24.64991,0.747101,1.315083,3.621654,-0.1526219,-0.0223876,-0.9791108,0.1324667
24.69991,0.7330924,1.314134,3.618744,-0.1541094,-0.02260286,-0.9788591,0.1325682
24.74991,0.7190858,1.313189,3.615824,-0.1555954,-0.02281789,-0.9786053,0.1326693
24.79991,0.7050815,1.312248,3.612894,-0.1570798,-0.0230327,-0.9783494,0.13277
24.84991,0.691079,1.311311,3.609955,-0.1585624,-0.02324724,-0.9780915,0.1328703
24.89991,0.6770788,1.310379,3.607006,-0.1600432,-0.02346152,-0.9778317,0.1329702
24.94991,0.6630808,1.309452,3.604047,-0.161522,-0.02367552,-0.9775697,0.1330696
24.9999,0.6490852,1.30853,3.601077,-0.1629988,-0.02388922,-0.9773059,0.1331687
25.0499,0.6350883,1.307613,3.598097,-0.1644738,-0.02410266,-0.9770401,0.1332674
25.0999,0.6210935,1.306703,3.595107,-0.1659465,-0.02431577,-0.9767722,0.1333656
25.1499,0.6071009,1.305798,3.592106,-0.1674169,-0.02452855,-0.9765027,0.1334634
25.1999,0.5931108,1.3049,3.589095,-0.1688848,-0.02474095,-0.9762312,0.1335607
25.2499,0.579123,1.304009,3.586073,-0.17035,-0.02495299,-0.9759579,0.1336576
25.2999,0.5651377,1.303126,3.583041,-0.1718126,-0.02516463,-0.9756828,0.133754
25.3499,0.5511549,1.30225,3.579998,-0.1732724,-0.02537586,-0.9754061,0.13385
25.3999,0.5371747,1.301382,3.576945,-0.1747292,-0.02558666,-0.9751275,0.1339455
25.4499,0.5231971,1.300523,3.57388,-0.1761829,-0.02579701,-0.9748473,0.1340405
25.4999,0.5092186,1.299672,3.570803,-0.1776337,-0.02600696,-0.9745653,0.1341351
25.5499,0.4952427,1.29883,3.567716,-0.1790814,-0.02621643,-0.9742818,0.1342292
25.5999,0.481269,1.297998,3.564616,-0.1805255,-0.02642541,-0.9739967,0.1343228
25.64989,0.4672979,1.297176,3.561506,-0.1819662,-0.02663387,-0.97371,0.1344159
25.69989,0.4533301,1.296364,3.558384,-0.1834031,-0.0268418,-0.973422,0.1345084
25.74989,0.4393648,1.295564,3.55525,-0.1848363,-0.02704917,-0.9731324,0.1346005
25.79989,0.4254027,1.294774,3.552104,-0.1862654,-0.02725596,-0.9728414,0.134692
25.84989,0.4114399,1.293996,3.548945,-0.1876908,-0.02746221,-0.972549,0.1347831
25.89989,0.3974798,1.293231,3.545774,-0.1891119,-0.02766785,-0.9722553,0.1348736
25.94989,0.383523,1.292478,3.542591,-0.1905287,-0.02787286,-0.9719603,0.1349635
25.99989,0.369569,1.291738,3.539395,-0.191941,-0.02807721,-0.9716641,0.1350529
26.04989,0.3556184,1.291012,3.536186,-0.1933485,-0.02828087,-0.9713667,0.1351418
26.09989,0.3416679,1.2903,3.532964,-0.1947515,-0.02848388,-0.9710681,0.1352301
26.14989,0.3277205,1.289603,3.529728,-0.1961495,-0.02868616,-0.9707685,0.1353178
26.19989,0.3137763,1.288922,3.52648,-0.1975423,-0.0288877,-0.9704679,0.1354049
26.24989,0.2998355,1.288256,3.523217,-0.1989298,-0.02908847,-0.9701664,0.1354915
26.29988,0.2858981,1.287606,3.519941,-0.2003119,-0.02928844,-0.969864,0.1355775
26.34988,0.2719611,1.286974,3.516649,-0.2016884,-0.02948762,-0.9695606,0.1356628
26.39988,0.2580276,1.28636,3.513344,-0.2030592,-0.02968596,-0.9692566,0.1357476
26.44988,0.2440977,1.285763,3.510024,-0.2044238,-0.02988342,-0.9689519,0.1358317
26.49988,0.2301717,1.285186,3.506689,-0.2057822,-0.03007996,-0.9686464,0.1359152
26.54988,0.2162463,1.284629,3.503338,-0.2071344,-0.03027561,-0.9683404,0.1359981
26.59988,0.2023246,1.284092,3.499972,-0.20848,-0.03047031,-0.968034,0.1360803
26.64988,0.188407,1.283576,3.49659,-0.2098186,-0.030664,-0.9677271,0.1361619
26.69988,0.1744935,1.283082,3.493192,-0.2111501,-0.03085666,-0.96742,0.1362428
26.74988,0.1605814,1.282611,3.489777,-0.2124745,-0.03104828,-0.9671125,0.136323
26.79988,0.1466732,1.282164,3.486346,-0.2137914,-0.03123882,-0.9668049,0.1364026
26.84988,0.1327695,1.281741,3.482897,-0.2151003,-0.03142821,-0.9664972,0.1364814
26.89988,0.1188673,1.281344,3.47943,-0.2164014,-0.03161647,-0.9661896,0.1365596
26.94987,0.1049699,1.280973,3.475945,-0.2176942,-0.03180351,-0.9658821,0.136637
26.99987,0.09107724,1.28063,3.472441,-0.2189782,-0.0319893,-0.9655747,0.1367137
27.04987,0.07718619,1.280315,3.468919,-0.2202535,-0.03217382,-0.9652677,0.1367896
27.09987,0.06330008,1.28003,3.465377,-0.2215196,-0.03235701,-0.9649612,0.1368648
27.14987,0.04941646,1.279775,3.461814,-0.2227763,-0.03253883,-0.9646552,0.1369392
27.19987,0.03553783,1.279552,3.458232,-0.224023,-0.03271922,-0.9643499,0.1370128
27.24987,0.02166499,1.279363,3.454628,-0.2252594,-0.03289811,-0.9640453,0.1370855
27.29987,0.007794688,1.279208,3.451003,-0.2264854,-0.0330755,-0.9637417,0.1371575
27.34987,-0.006069904,1.279089,3.447355,-0.2277003,-0.03325127,-0.9634393,0.1372286
27.39987,-0.01993137,1.279008,3.443684,-0.2289039,-0.03342542,-0.963138,0.1372989
27.44987,-0.03378651,1.278965,3.43999,-0.2300956,-0.03359783,-0.9628381,0.1373683
27.49987,-0.04763826,1.278964,3.436271,-0.2312751,-0.03376849,-0.9625397,0.1374367
27.54987,-0.0614834,1.279004,3.432528,-0.2324417,-0.03393728,-0.9622431,0.1375043
27.59986,-0.07532446,1.279089,3.428758,-0.2335952,-0.03410416,-0.9619482,0.1375709
27.64986,-0.08915851,1.27922,3.424961,-0.2347346,-0.03426903,-0.9616556,0.1376365
27.69986,-0.102988,1.2794,3.421137,-0.2358598,-0.03443182,-0.9613652,0.1377011
27.74986,-0.1168129,1.27963,3.417283,-0.23697,-0.03459244,-0.9610772,0.1377647
27.79986,-0.1306298,1.279913,3.4134,-0.2380643,-0.03475078,-0.9607921,0.1378272
27.84986,-0.144441,1.280251,3.409486,-0.2391423,-0.03490674,-0.9605098,0.1378886
27.89986,-0.1582462,1.280648,3.40554,-0.2402032,-0.03506023,-0.9602308,0.1379489
27.94986,-0.172043,1.281106,3.401559,-0.241246,-0.0352111,-0.9599553,0.1380081
27.99986,-0.1858329,1.281628,3.397544,-0.24227,-0.03535926,-0.9596837,0.138066
28.04986,-0.1996159,1.282217,3.393493,-0.2432742,-0.03550455,-0.9594161,0.1381226
28.09986,-0.213391,1.282879,3.389403,-0.2442576,-0.03564682,-0.9591529,0.138178
28.14986,-0.2271584,1.283615,3.385273,-0.2452191,-0.03578594,-0.9588946,0.1382319
28.19986,-0.240917,1.284431,3.3811,-0.2461576,-0.03592171,-0.9586414,0.1382845
28.24986,-0.2546664,1.285332,3.376884,-0.2470715,-0.03605394,-0.958394,0.1383356
28.29985,-0.268406,1.286322,3.372622,-0.2479596,-0.03618243,-0.9581526,0.1383851
28.34985,-0.2821349,1.287407,3.36831,-0.2488202,-0.03630694,-0.9579178,0.138433
28.39985,-0.2958525,1.288594,3.363947,-0.2496517,-0.03642723,-0.9576903,0.1384792
28.44985,-0.3095602,1.289889,3.359528,-0.2504521,-0.03654303,-0.9574704,0.1385235
28.49985,-0.3232548,1.2913,3.355051,-0.2512193,-0.03665403,-0.957259,0.138566
28.54985,-0.3369351,1.292836,3.350512,-0.2519507,-0.03675985,-0.9570569,0.1386064
28.59985,-0.3506022,1.294506,3.345906,-0.2526439,-0.03686015,-0.9568647,0.1386446
28.64985,-0.3642548,1.29632,3.341228,-0.253296,-0.03695448,-0.9566835,0.1386805
28.69985,-0.3778911,1.298292,3.336472,-0.2539032,-0.03704233,-0.9565142,0.1387138
28.74985,-0.3915098,1.300435,3.331633,-0.2544618,-0.03712314,-0.9563582,0.1387444
28.79985,-0.4051085,1.302765,3.326704,-0.2549672,-0.03719626,-0.9562168,0.1387721
28.84985,-0.4186854,1.3053,3.321675,-0.2554142,-0.03726093,-0.9560913,0.1387966
28.89985,-0.4322395,1.308064,3.316537,-0.2557967,-0.03731627,-0.9559839,0.1388175
28.94984,-0.4457681,1.31108,3.311278,-0.2561074,-0.03736122,-0.9558965,0.1388345
28.99984,-0.4592685,1.314382,3.305884,-0.2563375,-0.03739452,-0.9558317,0.138847
29.04984,2.587532,1.321371,3.907851,0.006249396,0.0006065634,-0.9927518,0.1200191
29.09984,2.585669,1.321887,3.907755,0.006248261,0.0006063991,-0.9927518,0.1200192
29.14984,2.582556,1.322738,3.907591,0.006243355,0.000605689,-0.9927517,0.1200196
29.19984,2.568291,1.326487,3.906794,0.006174632,0.0005957407,-0.9927514,0.1200257
29.24984,2.55403,1.329999,3.905926,0.006034798,0.0005754983,-0.9927508,0.120038
29.29984,2.539773,1.333293,3.904992,0.005829664,0.0005458034,-0.9927499,0.1200561
29.34984,2.525517,1.336387,3.903996,0.005564265,0.0005073846,-0.9927486,0.1200795
29.39984,2.511267,1.339295,3.902945,0.00524309,0.0004608916,-0.9927469,0.1201078
29.44984,2.497021,1.34203,3.901839,0.004870106,0.0004068991,-0.9927449,0.1201407
29.49984,2.482778,1.344605,3.900685,0.004448774,0.0003459076,-0.9927424,0.1201778
29.54984,2.468537,1.347029,3.899483,0.003982228,0.0002783711,-0.9927394,0.1202189
29.59983,2.454302,1.349312,3.898238,0.003473369,0.0002047096,-0.9927359,0.1202636
29.64983,2.44007,1.351463,3.89695,0.002924682,0.0001252827,-0.9927319,0.1203118
29.69983,2.425841,1.353488,3.895623,0.002338463,4.042282E-05,-0.9927271,0.1203633
29.74983,2.411615,1.355397,3.894259,0.001716822,-4.956443E-05,-0.9927219,0.1204179
29.79983,2.397392,1.357193,3.892859,0.001061674,-0.0001444022,-0.9927158,0.1204753
29.84983,2.383173,1.358885,3.891426,0.0003747923,-0.0002438332,-0.9927089,0.1205354
29.89983,2.368957,1.360476,3.889959,-0.0003422085,-0.0003476243,-0.9927013,0.1205982
29.94983,2.354745,1.361973,3.888462,-0.001087834,-0.0004555587,-0.9926928,0.1206633
29.99983,2.340533,1.363379,3.886934,-0.001860872,-0.0005674611,-0.9926834,0.1207308
30.04983,2.326324,1.364699,3.885378,-0.002659909,-0.0006831268,-0.992673,0.1208005
30.09983,2.312119,1.365937,3.883794,-0.003483747,-0.0008023826,-0.9926616,0.1208722
30.14983,2.297918,1.367096,3.882184,-0.00433127,-0.0009250664,-0.9926493,0.120946
30.19983,2.283718,1.36818,3.880548,-0.005201635,-0.001051057,-0.9926357,0.1210216
30.24982,2.269521,1.369192,3.878888,-0.006093726,-0.001180192,-0.992621,0.121099
30.29982,2.255326,1.370136,3.877204,-0.007006776,-0.00131236,-0.9926051,0.1211782
30.34982,2.241133,1.371014,3.875497,-0.007939833,-0.001447425,-0.9925882,0.1212589
30.39982,2.226945,1.371828,3.873768,-0.00889204,-0.001585261,-0.9925698,0.1213412
30.44982,2.212758,1.372581,3.872017,-0.009862876,-0.001725794,-0.9925501,0.121425
30.49982,2.198575,1.373276,3.870246,-0.01085145,-0.001868894,-0.9925291,0.1215102
30.54982,2.184392,1.373914,3.868454,-0.01185728,-0.002014492,-0.9925067,0.1215968
30.59982,2.170213,1.374498,3.866642,-0.01287955,-0.002162469,-0.9924829,0.1216847
30.64982,2.156036,1.37503,3.864811,-0.01391791,-0.002312774,-0.9924576,0.1217738
30.69982,2.141859,1.375511,3.862961,-0.01497173,-0.002465318,-0.9924308,0.1218641
30.74982,2.127686,1.375944,3.861093,-0.01604034,-0.002620002,-0.9924025,0.1219555
30.79982,2.113514,1.37633,3.859207,-0.0171234,-0.002776776,-0.9923726,0.122048
30.84982,2.099347,1.376671,3.857305,-0.0182202,-0.002935539,-0.992341,0.1221416
30.89981,2.08518,1.376968,3.855385,-0.01933055,-0.003096264,-0.992308,0.1222361
30.94981,2.071014,1.377222,3.853448,-0.02045398,-0.003258882,-0.9922732,0.1223316
30.99981,2.056852,1.377436,3.851496,-0.02158987,-0.003423304,-0.9922366,0.1224281
31.04981,2.042691,1.37761,3.849528,-0.02273804,-0.003589502,-0.9921983,0.1225253
31.09981,2.028535,1.377745,3.847544,-0.02389784,-0.003757382,-0.9921584,0.1226235
31.14981,2.014379,1.377844,3.845546,-0.02506921,-0.003926937,-0.9921166,0.1227224
31.19981,2.000224,1.377906,3.843532,-0.02625176,-0.00409811,-0.9920729,0.122822
31.24981,1.986071,1.377934,3.841504,-0.02744515,-0.004270853,-0.9920275,0.1229225
31.29981,1.971921,1.377928,3.839462,-0.02864882,-0.004445083,-0.9919802,0.1230236
31.34981,1.957773,1.377889,3.837405,-0.02986273,-0.004620793,-0.991931,0.1231254
31.39981,1.943625,1.377818,3.835335,-0.03108656,-0.004797941,-0.9918798,0.1232278
31.44981,1.929482,1.377716,3.833252,-0.03231974,-0.00497644,-0.9918267,0.1233308
31.49981,1.91534,1.377585,3.831156,-0.03356229,-0.005156294,-0.9917716,0.1234345
31.5498,1.901199,1.377424,3.829046,-0.03481394,-0.005337467,-0.9917145,0.1235387
31.5998,1.887059,1.377236,3.826923,-0.03607445,-0.005519921,-0.9916555,0.1236434
31.6498,1.872923,1.377019,3.824788,-0.03734324,-0.005703574,-0.9915943,0.1237486
31.6998,1.858788,1.376777,3.822641,-0.0386204,-0.005888437,-0.9915311,0.1238543
31.7498,1.844655,1.376508,3.820481,-0.03990568,-0.006074475,-0.9914657,0.1239605
31.7998,1.830522,1.376214,3.818309,-0.04119886,-0.006261655,-0.9913984,0.1240671
31.8498,1.816391,1.375896,3.816125,-0.0424997,-0.006449945,-0.9913289,0.1241741
31.8998,1.802264,1.375554,3.81393,-0.04380772,-0.006639273,-0.9912573,0.1242816
31.9498,1.788138,1.375189,3.811723,-0.04512301,-0.006829652,-0.9911835,0.1243894
31.9998,1.774013,1.374802,3.809505,-0.04644536,-0.007021053,-0.9911074,0.1244975
32.0498,1.759889,1.374392,3.807275,-0.04777458,-0.007213448,-0.9910291,0.124606
32.0998,1.745766,1.373962,3.805034,-0.04911048,-0.007406809,-0.9909488,0.1247149
32.1498,1.731644,1.373511,3.802782,-0.05045286,-0.007601108,-0.9908662,0.124824
32.19979,1.717527,1.37304,3.800519,-0.05180126,-0.007796277,-0.9907812,0.1249334
32.24979,1.703411,1.372549,3.798246,-0.0531558,-0.007992336,-0.9906941,0.1250431
32.29979,1.689295,1.37204,3.795962,-0.05451635,-0.008189262,-0.9906047,0.125153
32.34979,1.675181,1.371512,3.793667,-0.0558827,-0.008387027,-0.9905129,0.1252632
32.39979,1.661068,1.370966,3.791362,-0.05725471,-0.008585611,-0.9904189,0.1253736
32.44979,1.646956,1.370403,3.789046,-0.05863219,-0.008784989,-0.9903226,0.1254841
32.49979,1.632849,1.369823,3.786721,-0.06001468,-0.008985086,-0.9902239,0.1255949
32.54979,1.618744,1.369227,3.784385,-0.06140235,-0.009185935,-0.9901229,0.1257058
32.59979,1.604639,1.368614,3.782039,-0.06279505,-0.009387514,-0.9900196,0.1258169
32.64979,1.590535,1.367986,3.779684,-0.06419266,-0.0095898,-0.9899139,0.1259281
32.69979,1.576432,1.367343,3.777318,-0.06559504,-0.009792777,-0.9898058,0.1260395
32.74979,1.562331,1.366685,3.774943,-0.06700204,-0.009996422,-0.9896953,0.126151
32.79979,1.548231,1.366013,3.772557,-0.06841353,-0.01020071,-0.9895824,0.1262626
32.84978,1.534132,1.365328,3.770162,-0.06982937,-0.01040564,-0.9894671,0.1263743
32.89978,1.520033,1.364628,3.767758,-0.07124943,-0.01061117,-0.9893494,0.1264861
32.94978,1.50594,1.363916,3.765344,-0.0726732,-0.01081724,-0.9892293,0.1265979
32.99978,1.491848,1.363191,3.762921,-0.07410096,-0.01102389,-0.9891067,0.1267098
33.04978,1.477758,1.362454,3.760489,-0.07553256,-0.01123109,-0.9889817,0.1268217
33.09978,1.463668,1.361705,3.758047,-0.07696785,-0.01143882,-0.9888544,0.1269336
33.14978,1.44958,1.360945,3.755595,-0.07840675,-0.01164708,-0.9887245,0.1270456
33.19978,1.435493,1.360173,3.753135,-0.07984915,-0.01185584,-0.9885921,0.1271576
33.24978,1.421407,1.35939,3.750665,-0.08129489,-0.01206509,-0.9884574,0.1272696
33.29978,1.407323,1.358597,3.748186,-0.08274388,-0.0122748,-0.9883202,0.1273815
33.34978,1.393239,1.357794,3.745698,-0.08419601,-0.01248497,-0.9881804,0.1274935
33.39978,1.379157,1.356981,3.743201,-0.0856512,-0.01269558,-0.9880382,0.1276054
33.44978,1.365076,1.356159,3.740694,-0.08710928,-0.01290661,-0.9878936,0.1277173
33.49977,1.350997,1.355327,3.738179,-0.08857016,-0.01311804,-0.9877465,0.1278291
33.54977,1.336919,1.354487,3.735655,-0.09003372,-0.01332986,-0.9875968,0.1279408
33.59977,1.322842,1.353638,3.733121,-0.09149989,-0.01354206,-0.9874446,0.1280525
33.64977,1.308767,1.352781,3.730579,-0.09296855,-0.01375462,-0.9872901,0.1281641
33.69977,1.294696,1.351916,3.728029,-0.09443919,-0.01396746,-0.987133,0.1282756
33.74977,1.280627,1.351044,3.72547,-0.09591214,-0.01418064,-0.9869734,0.128387
33.79977,1.266559,1.350164,3.722901,-0.09738725,-0.01439413,-0.9868114,0.1284983
33.84977,1.252493,1.349278,3.720324,-0.09886446,-0.01460792,-0.9866469,0.1286095
33.89977,1.238427,1.348384,3.717738,-0.1003437,-0.014822,-0.9864798,0.1287205
33.94977,1.224363,1.347485,3.715144,-0.1018247,-0.01503635,-0.9863104,0.1288314
33.99977,1.210301,1.346579,3.71254,-0.1033076,-0.01525095,-0.9861384,0.1289422
34.04977,1.19624,1.345667,3.709928,-0.1047921,-0.0154658,-0.9859639,0.1290528
34.09977,1.18218,1.34475,3.707307,-0.1062782,-0.01568088,-0.985787,0.1291632
34.14977,1.168122,1.343828,3.704677,-0.1077658,-0.01589617,-0.9856075,0.1292735
34.19976,1.154065,1.342901,3.702039,-0.1092548,-0.01611166,-0.9854256,0.1293836
34.24976,1.14001,1.341969,3.699391,-0.1107451,-0.01632734,-0.9852413,0.1294935
34.29976,1.125956,1.341033,3.696735,-0.1122366,-0.01654319,-0.9850544,0.1296032
34.34976,1.111903,1.340092,3.69407,-0.1137292,-0.01675921,-0.9848651,0.1297127
34.39976,1.097853,1.339148,3.691397,-0.1152228,-0.01697537,-0.9846734,0.129822
34.44976,1.083803,1.3382,3.688714,-0.1167173,-0.01719166,-0.9844792,0.1299312
34.49976,1.069756,1.337249,3.686023,-0.1182127,-0.01740806,-0.9842826,0.13004
34.54976,1.055709,1.336294,3.683323,-0.1197087,-0.01762457,-0.9840836,0.1301487
34.59976,1.041665,1.335337,3.680615,-0.1212054,-0.01784118,-0.9838821,0.1302571
34.64976,1.027622,1.334378,3.677897,-0.1227027,-0.01805786,-0.9836782,0.1303652
34.69976,1.01358,1.333416,3.675171,-0.1242004,-0.01827461,-0.9834719,0.1304731
34.74976,0.9995403,1.332452,3.672436,-0.1256985,-0.01849141,-0.9832633,0.1305808
34.79976,0.9855022,1.331487,3.669692,-0.1271968,-0.01870824,-0.9830522,0.1306882
34.84975,0.9714656,1.33052,3.666939,-0.1286954,-0.01892511,-0.9828387,0.1307953
34.89975,0.957431,1.329552,3.664177,-0.130194,-0.01914198,-0.9826229,0.1309021
34.94975,0.9433978,1.328583,3.661406,-0.1316925,-0.01935885,-0.9824048,0.1310087
34.99975,0.9293662,1.327614,3.658626,-0.133191,-0.01957571,-0.9821842,0.1311149
35.04975,0.9153367,1.326644,3.655838,-0.1346893,-0.01979253,-0.9819614,0.1312209
35.09975,0.901309,1.325675,3.65304,-0.1361873,-0.02000931,-0.9817362,0.1313265
35.14975,0.8872829,1.324705,3.650234,-0.1376849,-0.02022604,-0.9815087,0.1314318
35.19975,0.8732588,1.323736,3.647418,-0.1391821,-0.0204427,-0.981279,0.1315368
35.24975,0.8592364,1.322768,3.644593,-0.1406786,-0.02065927,-0.981047,0.1316415
35.29975,0.845216,1.321801,3.641759,-0.1421745,-0.02087574,-0.9808127,0.1317459
35.34975,0.8311938,1.320835,3.638915,-0.14367,-0.02109217,-0.9805762,0.1318499
35.39975,0.8171735,1.31987,3.636061,-0.1451647,-0.02130846,-0.9803374,0.1319536
35.44975,0.8031552,1.318908,3.633199,-0.1466584,-0.02152462,-0.9800964,0.132057
35.49974,0.7891387,1.317947,3.630327,-0.1481511,-0.02174063,-0.9798532,0.1321599
35.54974,0.775124,1.31699,3.627445,-0.1496426,-0.02195647,-0.9796079,0.1322625
35.59974,0.7611114,1.316034,3.624554,-0.1511329,-0.02217213,-0.9793604,0.1323648
35.64974,0.747101,1.315083,3.621654,-0.1526219,-0.0223876,-0.9791108,0.1324667
35.69974,0.7330924,1.314134,3.618744,-0.1541094,-0.02260286,-0.9788591,0.1325682
35.74974,0.7190858,1.313189,3.615824,-0.1555954,-0.02281789,-0.9786053,0.1326693
35.79974,0.7050815,1.312248,3.612894,-0.1570798,-0.0230327,-0.9783494,0.13277
35.84974,0.691079,1.311311,3.609955,-0.1585624,-0.02324724,-0.9780915,0.1328703
35.89974,0.6770788,1.310379,3.607006,-0.1600432,-0.02346152,-0.9778317,0.1329702
35.94974,0.6630808,1.309452,3.604047,-0.161522,-0.02367552,-0.9775697,0.1330696
35.99974,0.6490852,1.30853,3.601077,-0.1629988,-0.02388922,-0.9773059,0.1331687
36.04974,0.6350883,1.307613,3.598097,-0.1644738,-0.02410266,-0.9770401,0.1332674
36.09974,0.6210935,1.306703,3.595107,-0.1659465,-0.02431577,-0.9767722,0.1333656
36.14973,0.6071009,1.305798,3.592106,-0.1674169,-0.02452855,-0.9765027,0.1334634
36.19973,0.5931108,1.3049,3.589095,-0.1688848,-0.02474095,-0.9762312,0.1335607
36.24973,0.579123,1.304009,3.586073,-0.17035,-0.02495299,-0.9759579,0.1336576
36.29973,0.5651377,1.303126,3.583041,-0.1718126,-0.02516463,-0.9756828,0.133754
36.34973,0.5511549,1.30225,3.579998,-0.1732724,-0.02537586,-0.9754061,0.13385
36.39973,0.5371747,1.301382,3.576945,-0.1747292,-0.02558666,-0.9751275,0.1339455
36.44973,0.5231971,1.300523,3.57388,-0.1761829,-0.02579701,-0.9748473,0.1340405
36.49973,0.5092186,1.299672,3.570803,-0.1776337,-0.02600696,-0.9745653,0.1341351
36.54973,0.4952427,1.29883,3.567716,-0.1790814,-0.02621643,-0.9742818,0.1342292
36.59973,0.481269,1.297998,3.564616,-0.1805255,-0.02642541,-0.9739967,0.1343228
36.64973,0.4672979,1.297176,3.561506,-0.1819662,-0.02663387,-0.97371,0.1344159
36.69973,0.4533301,1.296364,3.558384,-0.1834031,-0.0268418,-0.973422,0.1345084
36.74973,0.4393648,1.295564,3.55525,-0.1848363,-0.02704917,-0.9731324,0.1346005
36.79972,0.4254027,1.294774,3.552104,-0.1862654,-0.02725596,-0.9728414,0.134692
36.84972,0.4114399,1.293996,3.548945,-0.1876908,-0.02746221,-0.972549,0.1347831
36.89972,0.3974798,1.293231,3.545774,-0.1891119,-0.02766785,-0.9722553,0.1348736
36.94972,0.383523,1.292478,3.542591,-0.1905287,-0.02787286,-0.9719603,0.1349635
36.99972,0.369569,1.291738,3.539395,-0.191941,-0.02807721,-0.9716641,0.1350529
37.04972,0.3556184,1.291012,3.536186,-0.1933485,-0.02828087,-0.9713667,0.1351418
37.09972,0.3416679,1.2903,3.532964,-0.1947515,-0.02848388,-0.9710681,0.1352301
37.14972,0.3277205,1.289603,3.529728,-0.1961495,-0.02868616,-0.9707685,0.1353178
37.19972,0.3137763,1.288922,3.52648,-0.1975423,-0.0288877,-0.9704679,0.1354049
37.24972,0.2998355,1.288256,3.523217,-0.1989298,-0.02908847,-0.9701664,0.1354915
37.29972,0.2858981,1.287606,3.519941,-0.2003119,-0.02928844,-0.969864,0.1355775
37.34972,0.2719611,1.286974,3.516649,-0.2016884,-0.02948762,-0.9695606,0.1356628
37.39972,0.2580276,1.28636,3.513344,-0.2030592,-0.02968596,-0.9692566,0.1357476
37.44971,0.2440977,1.285763,3.510024,-0.2044238,-0.02988342,-0.9689519,0.1358317
37.49971,0.2301717,1.285186,3.506689,-0.2057822,-0.03007996,-0.9686464,0.1359152
37.54971,0.2162463,1.284629,3.503338,-0.2071344,-0.03027561,-0.9683404,0.1359981
37.59971,0.2023246,1.284092,3.499972,-0.20848,-0.03047031,-0.968034,0.1360803
37.64971,0.188407,1.283576,3.49659,-0.2098186,-0.030664,-0.9677271,0.1361619
37.69971,0.1744935,1.283082,3.493192,-0.2111501,-0.03085666,-0.96742,0.1362428
37.74971,0.1605814,1.282611,3.489777,-0.2124745,-0.03104828,-0.9671125,0.136323
37.79971,0.1466732,1.282164,3.486346,-0.2137914,-0.03123882,-0.9668049,0.1364026
37.84971,0.1327695,1.281741,3.482897,-0.2151003,-0.03142821,-0.9664972,0.1364814
37.89971,0.1188673,1.281344,3.47943,-0.2164014,-0.03161647,-0.9661896,0.1365596
37.94971,0.1049699,1.280973,3.475945,-0.2176942,-0.03180351,-0.9658821,0.136637
37.99971,0.09107724,1.28063,3.472441,-0.2189782,-0.0319893,-0.9655747,0.1367137
38.04971,0.07718619,1.280315,3.468919,-0.2202535,-0.03217382,-0.9652677,0.1367896
38.0997,0.06330008,1.28003,3.465377,-0.2215196,-0.03235701,-0.9649612,0.1368648
38.1497,0.04941646,1.279775,3.461814,-0.2227763,-0.03253883,-0.9646552,0.1369392
38.1997,0.03553783,1.279552,3.458232,-0.224023,-0.03271922,-0.9643499,0.1370128
38.2497,0.02166499,1.279363,3.454628,-0.2252594,-0.03289811,-0.9640453,0.1370855
38.2997,0.007794688,1.279208,3.451003,-0.2264854,-0.0330755,-0.9637417,0.1371575
38.3497,-0.006069904,1.279089,3.447355,-0.2277003,-0.03325127,-0.9634393,0.1372286
38.3997,-0.01993137,1.279008,3.443684,-0.2289039,-0.03342542,-0.963138,0.1372989
38.4497,-0.03378651,1.278965,3.43999,-0.2300956,-0.03359783,-0.9628381,0.1373683
38.4997,-0.04763826,1.278964,3.436271,-0.2312751,-0.03376849,-0.9625397,0.1374367
38.5497,-0.0614834,1.279004,3.432528,-0.2324417,-0.03393728,-0.9622431,0.1375043
38.5997,-0.07532446,1.279089,3.428758,-0.2335952,-0.03410416,-0.9619482,0.1375709
38.6497,-0.08915851,1.27922,3.424961,-0.2347346,-0.03426903,-0.9616556,0.1376365
38.6997,-0.102988,1.2794,3.421137,-0.2358598,-0.03443182,-0.9613652,0.1377011
38.74969,-0.1168129,1.27963,3.417283,-0.23697,-0.03459244,-0.9610772,0.1377647
38.79969,-0.1306298,1.279913,3.4134,-0.2380643,-0.03475078,-0.9607921,0.1378272
38.84969,-0.144441,1.280251,3.409486,-0.2391423,-0.03490674,-0.9605098,0.1378886
38.89969,-0.1582462,1.280648,3.40554,-0.2402032,-0.03506023,-0.9602308,0.1379489
38.94969,-0.172043,1.281106,3.401559,-0.241246,-0.0352111,-0.9599553,0.1380081
38.99969,-0.1858329,1.281628,3.397544,-0.24227,-0.03535926,-0.9596837,0.138066
39.04969,-0.1996159,1.282217,3.393493,-0.2432742,-0.03550455,-0.9594161,0.1381226
39.09969,-0.213391,1.282879,3.389403,-0.2442576,-0.03564682,-0.9591529,0.138178
39.14969,-0.2271584,1.283615,3.385273,-0.2452191,-0.03578594,-0.9588946,0.1382319
39.19969,-0.240917,1.284431,3.3811,-0.2461576,-0.03592171,-0.9586414,0.1382845
39.24969,-0.2546664,1.285332,3.376884,-0.2470715,-0.03605394,-0.958394,0.1383356
39.29969,-0.268406,1.286322,3.372622,-0.2479596,-0.03618243,-0.9581526,0.1383851
39.34969,-0.2821349,1.287407,3.36831,-0.2488202,-0.03630694,-0.9579178,0.138433
39.39968,-0.2958525,1.288594,3.363947,-0.2496517,-0.03642723,-0.9576903,0.1384792
39.44968,-0.3095602,1.289889,3.359528,-0.2504521,-0.03654303,-0.9574704,0.1385235
39.49968,-0.3232548,1.2913,3.355051,-0.2512193,-0.03665403,-0.957259,0.138566
39.54968,-0.3369351,1.292836,3.350512,-0.2519507,-0.03675985,-0.9570569,0.1386064
39.59968,-0.3506022,1.294506,3.345906,-0.2526439,-0.03686015,-0.9568647,0.1386446
39.64968,-0.3642548,1.29632,3.341228,-0.253296,-0.03695448,-0.9566835,0.1386805
39.69968,-0.3778911,1.298292,3.336472,-0.2539032,-0.03704233,-0.9565142,0.1387138
39.74968,-0.3915098,1.300435,3.331633,-0.2544618,-0.03712314,-0.9563582,0.1387444
39.79968,-0.4051085,1.302765,3.326704,-0.2549672,-0.03719626,-0.9562168,0.1387721
39.84968,-0.4186854,1.3053,3.321675,-0.2554142,-0.03726093,-0.9560913,0.1387966
39.89968,-0.4322395,1.308064,3.316537,-0.2557967,-0.03731627,-0.9559839,0.1388175
39.94968,-0.4457681,1.31108,3.311278,-0.2561074,-0.03736122,-0.9558965,0.1388345
39.99968,-0.4592685,1.314382,3.305884,-0.2563375,-0.03739452,-0.9558317,0.138847
40.04967,-0.4961154,1.324897,3.290276,-0.2565244,-0.03742185,-0.9557791,0.138857
40.09967,-0.5074601,1.328015,3.285236,-0.2565528,-0.03742667,-0.9557711,0.1388579
40.14967,-0.5176347,1.330643,3.280643,-0.2565914,-0.03743322,-0.9557603,0.1388592
40.19967,-0.5266513,1.332851,3.27652,-0.2566351,-0.03744066,-0.9557481,0.1388606
40.24967,-0.5345168,1.33469,3.272885,-0.2566801,-0.0374483,-0.9557355,0.1388621
40.29967,-0.5412366,1.336201,3.269753,-0.2567232,-0.03745563,-0.9557234,0.1388635
40.34967,-0.5468169,1.337415,3.267134,-0.2567621,-0.03746225,-0.9557125,0.1388648
40.39967,-0.5512611,1.338357,3.265038,-0.2567951,-0.03746786,-0.9557033,0.1388659
40.44967,-0.5545714,1.339045,3.26347,-0.2568208,-0.03747222,-0.955696,0.1388667
40.49967,-0.5567517,1.339492,3.262434,-0.2568382,-0.03747518,-0.9556912,0.1388673
40.54967,-0.5578029,1.339705,3.261935,-0.2568467,-0.03747663,-0.9556888,0.1388676
40.59967,-0.5578211,1.339709,3.261926,-0.2568468,-0.03747665,-0.9556888,0.1388675
40.64967,-0.5578392,1.339713,3.261917,-0.256847,-0.03747668,-0.9556887,0.1388676
40.69967,-0.5578575,1.339716,3.261909,-0.2568472,-0.03747671,-0.9556887,0.1388676
40.74966,-0.5578757,1.33972,3.2619,-0.2568473,-0.03747673,-0.9556887,0.1388676
40.79966,-0.5578939,1.339724,3.261891,-0.2568475,-0.03747676,-0.9556886,0.1388676
40.84966,-0.5579121,1.339728,3.261883,-0.2568476,-0.03747678,-0.9556886,0.1388676
40.89966,-0.5579303,1.339731,3.261874,-0.2568478,-0.03747681,-0.9556885,0.1388676
40.94966,-0.5579485,1.339735,3.261865,-0.2568479,-0.03747683,-0.9556885,0.1388676
40.99966,-0.5763056,1.343285,3.253052,-0.2570109,-0.03750454,-0.9556428,0.1388729
41.04966,-0.5954592,1.346659,3.243708,-0.2572068,-0.03753784,-0.9555878,0.1388793
41.09966,-0.6152123,1.349824,3.233928,-0.2574333,-0.03757634,-0.9555242,0.1388867
41.14966,-0.6355507,1.352786,3.223721,-0.2576898,-0.03761994,-0.9554522,0.1388951
41.19966,-0.6564101,1.355541,3.213119,-0.2579748,-0.03766839,-0.955372,0.1389044
41.24966,-0.6774154,1.358056,3.202319,-0.258282,-0.03772062,-0.9552854,0.1389145
41.29966,-0.6984383,1.360335,3.191396,-0.258608,-0.03777603,-0.9551936,0.1389251
41.34966,-0.7194461,1.362396,3.180374,-0.2589505,-0.03783425,-0.9550968,0.1389362
41.39965,-0.7404274,1.364258,3.169268,-0.2593078,-0.037895,-0.9549958,0.1389478
41.44965,-0.7613781,1.365935,3.158085,-0.2596786,-0.03795804,-0.9548907,0.1389598
41.49965,-0.7822966,1.367443,3.146835,-0.2600617,-0.03802317,-0.9547821,0.1389722
41.54965,-0.8031775,1.368793,3.135523,-0.2604561,-0.03809021,-0.9546701,0.138985
41.59965,-0.8240262,1.369999,3.124153,-0.2608608,-0.03815902,-0.9545549,0.138998
41.64965,-0.8448462,1.371069,3.112725,-0.2612751,-0.03822946,-0.9544368,0.1390113
41.69965,-0.8656363,1.372014,3.101246,-0.2616984,-0.03830142,-0.954316,0.1390249
41.74965,-0.8864,1.372842,3.089715,-0.2621299,-0.0383748,-0.9541926,0.1390388
41.79965,-0.9071383,1.37356,3.078136,-0.2625692,-0.03844949,-0.9540668,0.1390528
41.84965,-0.9278491,1.374174,3.066513,-0.2630157,-0.03852541,-0.9539386,0.1390671
41.89965,-0.9485361,1.374692,3.054845,-0.263469,-0.03860247,-0.9538083,0.1390815
41.94965,-0.9691997,1.375119,3.043135,-0.2639286,-0.03868062,-0.9536759,0.1390961
41.99965,-0.9898405,1.375459,3.031384,-0.2643941,-0.03875977,-0.9535416,0.1391109
42.04964,-1.010459,1.375718,3.019594,-0.2648652,-0.03883987,-0.9534054,0.1391258
42.09964,-1.031056,1.3759,3.007766,-0.2653415,-0.03892086,-0.9532675,0.1391409
42.14964,-1.051635,1.376009,2.9959,-0.2658228,-0.03900271,-0.9531279,0.139156
42.19964,-1.072193,1.376049,2.983999,-0.2663087,-0.03908534,-0.9529865,0.1391713
42.24964,-1.09273,1.376024,2.972064,-0.266799,-0.03916871,-0.9528437,0.1391867
42.29964,-1.113248,1.375936,2.960096,-0.2672934,-0.03925278,-0.9526994,0.1392022
42.34964,-1.133748,1.375788,2.948094,-0.2677917,-0.03933753,-0.9525537,0.1392177
42.39964,-1.154229,1.375585,2.93606,-0.2682937,-0.0394229,-0.9524066,0.1392334
42.44964,-1.17469,1.375327,2.923996,-0.2687991,-0.03950886,-0.9522582,0.1392491
42.49964,-1.195136,1.375019,2.9119,-0.2693078,-0.03959538,-0.9521086,0.1392649
42.54964,-1.215563,1.374661,2.899775,-0.2698196,-0.03968241,-0.9519578,0.1392807
42.59964,-1.235974,1.374257,2.887619,-0.2703343,-0.03976995,-0.9518057,0.1392966
42.64964,-1.256367,1.373809,2.875436,-0.2708518,-0.03985796,-0.9516526,0.1393125
42.69963,-1.276744,1.373318,2.863224,-0.2713718,-0.03994642,-0.9514984,0.1393285
42.74963,-1.297103,1.372787,2.850984,-0.2718942,-0.04003527,-0.9513432,0.1393445
42.79963,-1.317448,1.372217,2.838717,-0.272419,-0.04012454,-0.951187,0.1393605
42.84963,-1.337777,1.37161,2.826421,-0.272946,-0.04021417,-0.9510297,0.1393766
42.89963,-1.358088,1.370968,2.8141,-0.2734749,-0.04030414,-0.9508715,0.1393927
42.94963,-1.378385,1.370292,2.801751,-0.2740058,-0.04039445,-0.9507125,0.1394088
42.99963,-1.398667,1.369584,2.789376,-0.2745385,-0.04048506,-0.9505526,0.1394249
43.04963,-1.418931,1.368845,2.776976,-0.2750728,-0.04057595,-0.9503919,0.139441
43.09963,-1.439181,1.368077,2.764549,-0.2756087,-0.04066711,-0.9502304,0.1394572
43.14963,-1.459417,1.367281,2.752097,-0.276146,-0.04075852,-0.9500681,0.1394733
43.19963,-1.479635,1.366458,2.73962,-0.2766846,-0.04085015,-0.949905,0.1394894
43.24963,-1.499838,1.36561,2.727118,-0.2772245,-0.040942,-0.9497413,0.1395055
43.29963,-1.520027,1.364737,2.714591,-0.2777655,-0.04103405,-0.9495769,0.1395216
43.34962,-1.540201,1.363841,2.702038,-0.2783077,-0.04112628,-0.9494118,0.1395378
43.39962,-1.560361,1.362924,2.68946,-0.2788507,-0.04121868,-0.949246,0.1395538
43.44962,-1.580504,1.361986,2.676859,-0.2793946,-0.0413112,-0.9490797,0.1395699
43.49962,-1.600632,1.361027,2.664232,-0.2799392,-0.04140387,-0.9489128,0.1395859
43.54962,-1.620745,1.360051,2.651581,-0.2804846,-0.04149667,-0.9487454,0.139602
43.59962,-1.640844,1.359056,2.638905,-0.2810306,-0.04158956,-0.9485773,0.1396179
43.64962,-1.660928,1.358045,2.626204,-0.2815771,-0.04168255,-0.9484088,0.1396339
43.69962,-1.680998,1.357018,2.613478,-0.282124,-0.04177561,-0.9482398,0.1396498
43.74962,-1.701052,1.355976,2.600728,-0.2826712,-0.04186874,-0.9480703,0.1396658
43.79962,-1.721092,1.35492,2.587952,-0.2832188,-0.04196191,-0.9479005,0.1396816
43.84962,-1.741116,1.353851,2.575152,-0.2837665,-0.04205512,-0.9477302,0.1396974
43.89962,-1.761122,1.352771,2.562329,-0.2843143,-0.04214833,-0.9475596,0.1397132
43.94962,-1.781113,1.351679,2.54948,-0.2848621,-0.04224156,-0.9473886,0.1397289
43.99961,-1.801089,1.350577,2.536607,-0.2854098,-0.04233477,-0.9472172,0.1397446
44.04961,-1.821049,1.349466,2.523708,-0.2859575,-0.04242797,-0.9470456,0.1397603
44.09961,-1.840993,1.348346,2.510784,-0.2865049,-0.04252114,-0.9468736,0.1397759
44.14961,-1.860922,1.347218,2.497834,-0.287052,-0.04261426,-0.9467014,0.1397914
44.19961,-1.880834,1.346084,2.484859,-0.2875988,-0.04270731,-0.946529,0.1398069
44.24961,-1.90073,1.344943,2.471859,-0.2881451,-0.0428003,-0.9463562,0.1398223
44.29961,-1.920613,1.343798,2.45883,-0.288691,-0.04289321,-0.9461834,0.1398377
44.34961,-1.940479,1.342648,2.445775,-0.2892362,-0.04298602,-0.9460104,0.139853
44.39961,-1.960328,1.341494,2.432693,-0.2897809,-0.04307872,-0.9458373,0.1398683
44.44961,-1.98016,1.340338,2.419585,-0.2903247,-0.04317129,-0.945664,0.1398835
44.49961,-1.999975,1.339181,2.406449,-0.2908676,-0.04326371,-0.9454907,0.1398986
44.54961,-2.019773,1.338022,2.393287,-0.2914097,-0.04335598,-0.9453173,0.1399136
44.59961,-2.039552,1.336864,2.380097,-0.2919507,-0.04344808,-0.9451439,0.1399286
44.6496,-2.059313,1.335706,2.366879,-0.2924906,-0.04353998,-0.9449705,0.1399435
44.6996,-2.079056,1.334551,2.353633,-0.2930293,-0.0436317,-0.9447972,0.1399583
44.7496,-2.098782,1.333398,2.340356,-0.2935668,-0.04372319,-0.9446239,0.139973
44.7996,-2.11849,1.332248,2.32705,-0.2941029,-0.04381447,-0.9444507,0.1399877
44.8496,-2.138178,1.331103,2.313715,-0.2946375,-0.04390549,-0.9442777,0.1400023
44.8996,-2.157846,1.329964,2.300349,-0.2951706,-0.04399624,-0.9441049,0.1400168
44.9496,-2.177494,1.328831,2.286953,-0.295702,-0.04408672,-0.9439321,0.1400312
44.9996,-2.197124,1.327705,2.273524,-0.2962317,-0.04417691,-0.9437597,0.1400455
45.0496,-2.216733,1.326588,2.260063,-0.2967595,-0.04426677,-0.9435875,0.1400597
45.0996,-2.236319,1.325481,2.246571,-0.2972853,-0.0443563,-0.9434157,0.1400739
45.1496,-2.255887,1.324384,2.233043,-0.2978092,-0.04444549,-0.9432443,0.1400879
45.1996,-2.275432,1.323298,2.219482,-0.2983308,-0.0445343,-0.9430732,0.1401018
45.2496,-2.294954,1.322226,2.205887,-0.29885,-0.04462271,-0.9429025,0.1401156
45.29959,-2.314454,1.321168,2.192255,-0.2993668,-0.04471072,-0.9427323,0.1401294
45.34959,-2.33393,1.320125,2.178588,-0.299881,-0.04479829,-0.9425627,0.140143
45.39959,-2.353381,1.319098,2.164883,-0.3003925,-0.04488539,-0.9423937,0.1401565
45.44959,-2.372808,1.31809,2.151139,-0.3009012,-0.04497201,-0.9422253,0.1401699
45.49959,-2.392209,1.317101,2.137357,-0.3014068,-0.04505812,-0.9420575,0.1401832
45.54959,-2.411585,1.316133,2.123533,-0.3019093,-0.04514369,-0.9418905,0.1401963
45.59959,-2.430933,1.315187,2.109668,-0.3024085,-0.0452287,-0.9417244,0.1402094
45.64959,-2.450254,1.314265,2.09576,-0.3029041,-0.04531312,-0.9415591,0.1402223
45.69959,-2.469546,1.313368,2.081809,-0.3033961,-0.0453969,-0.9413947,0.140235
45.74959,-2.488808,1.312499,2.067811,-0.3038842,-0.04548003,-0.9412314,0.1402477
45.79959,-2.508038,1.31166,2.053767,-0.3043682,-0.04556246,-0.9410692,0.1402602
45.84959,-2.527238,1.310851,2.039674,-0.3048479,-0.04564416,-0.9409081,0.1402725
45.89959,-2.546405,1.310076,2.02553,-0.305323,-0.04572509,-0.9407482,0.1402847
45.94958,-2.565538,1.309337,2.011333,-0.3057934,-0.04580521,-0.9405898,0.1402967
45.99958,-2.584634,1.308636,1.997082,-0.3062586,-0.04588446,-0.9404327,0.1403086
46.04958,-2.603693,1.307976,1.982775,-0.3067186,-0.0459628,-0.9402773,0.1403203
46.09958,-2.622714,1.307359,1.968409,-0.3071729,-0.04604019,-0.9401234,0.1403318
46.14958,-2.641695,1.306788,1.953982,-0.3076212,-0.04611656,-0.9399714,0.1403432
46.19958,-2.660634,1.306268,1.93949,-0.3080632,-0.04619184,-0.9398213,0.1403543
46.24958,-2.679527,1.3058,1.924931,-0.3084984,-0.04626598,-0.9396732,0.1403653
46.29958,-2.698374,1.30539,1.910301,-0.3089265,-0.0463389,-0.9395274,0.140376
46.34958,-2.717171,1.305041,1.895598,-0.3093469,-0.04641052,-0.939384,0.1403866
46.39958,-2.735918,1.304757,1.880816,-0.3097593,-0.04648076,-0.939243,0.1403969
46.44958,-2.75461,1.304544,1.865951,-0.3101629,-0.04654953,-0.9391049,0.1404069
46.49958,-2.773242,1.304408,1.851,-0.3105572,-0.0466167,-0.9389698,0.1404167
46.54958,-2.791813,1.304354,1.835955,-0.3109415,-0.04668218,-0.9388379,0.1404262
46.59958,-2.810318,1.304389,1.820811,-0.3113151,-0.04674582,-0.9387096,0.1404355
46.64957,-2.828754,1.30452,1.805561,-0.311677,-0.04680749,-0.938585,0.1404444
46.69957,-2.847108,1.304757,1.790202,-0.3120263,-0.046867,-0.9384647,0.140453
46.74957,-2.865374,1.305109,1.774726,-0.3123618,-0.04692415,-0.938349,0.1404613
46.79957,-2.883535,1.305587,1.759133,-0.3126821,-0.04697872,-0.9382384,0.1404691
46.84957,-2.901567,1.306202,1.743426,-0.3129855,-0.04703042,-0.9381335,0.1404766
46.89957,-2.919424,1.306967,1.727625,-0.3132699,-0.04707887,-0.9380352,0.1404835
46.94957,-2.937016,1.307891,1.711791,-0.3135324,-0.0471236,-0.9379442,0.1404899
46.99957,-2.95415,1.308979,1.696081,-0.3137689,-0.0471639,-0.9378623,0.1404957
