0,7.999451,1.321161,4.15474,0.004697959,0.000876519,-0.9800929,0.1984817
0.05,7.99897,1.321045,4.168941,0.004698257,0.0008765793,-0.9800929,0.1984817
0.1,7.998171,1.320853,4.183084,0.004698751,0.0008766794,-0.9800929,0.1984817
0.15,7.997056,1.320585,4.197171,0.004699439,0.0008768187,-0.9800929,0.1984817
0.2,7.995628,1.320244,4.2112,0.00470032,0.0008769971,-0.9800929,0.1984817
0.25,7.993891,1.31983,4.225173,0.004701391,0.000877214,-0.9800929,0.1984817
0.3,7.991845,1.319345,4.239089,0.004702651,0.0008774692,-0.9800929,0.1984817
0.35,7.989493,1.318789,4.252951,0.004704098,0.0008777622,-0.9800929,0.1984817
0.4,7.986839,1.318163,4.266754,0.004705728,0.0008780924,-0.9800929,0.1984817
0.45,7.983883,1.31747,4.280502,0.004707543,0.0008784598,-0.9800929,0.1984817
0.5000001,7.98063,1.316709,4.294195,0.004709538,0.0008788639,-0.9800929,0.1984817
0.5500001,7.977081,1.315882,4.307831,0.004711712,0.0008793042,-0.9800929,0.1984817
0.6000001,7.973239,1.314991,4.321413,0.004714063,0.0008797803,-0.9800929,0.1984817
0.6500001,7.969106,1.314035,4.334938,0.004716591,0.0008802921,-0.9800929,0.1984817
0.7000001,7.964685,1.313017,4.348409,0.00471929,0.0008808388,-0.9800928,0.1984817
0.7500001,7.959979,1.311937,4.361824,0.004722161,0.0008814203,-0.9800928,0.1984817
0.8000001,7.954988,1.310797,4.375184,0.004725202,0.0008820362,-0.9800928,0.1984817
0.8500001,7.949717,1.309598,4.388488,0.004728411,0.0008826859,-0.9800928,0.1984817
0.9000002,7.944169,1.30834,4.401739,0.004731785,0.0008833692,-0.9800928,0.1984817
0.9500002,7.938343,1.307025,4.414935,0.004735323,0.0008840857,-0.9800928,0.1984816
1,7.932244,1.305655,4.428076,0.004739024,0.0008848351,-0.9800928,0.1984817
1.05,7.925875,1.304229,4.441162,0.004742884,0.0008856168,-0.9800928,0.1984817
1.1,7.919237,1.30275,4.454195,0.004746902,0.0008864305,-0.9800927,0.1984817
1.15,7.912333,1.301218,4.467173,0.004751076,0.0008872758,-0.9800927,0.1984816
1.2,7.905166,1.299635,4.480097,0.004755405,0.0008881525,-0.9800927,0.1984816
1.25,7.897737,1.298001,4.492968,0.004759886,0.00088906,-0.9800926,0.1984816
1.3,7.89005,1.296318,4.505785,0.004764517,0.0008899979,-0.9800926,0.1984816
1.35,7.882107,1.294587,4.518548,0.004769297,0.0008909659,-0.9800926,0.1984816
1.4,7.87391,1.292809,4.531258,0.004774224,0.0008919637,-0.9800926,0.1984816
1.45,7.865462,1.290985,4.543914,0.004779296,0.0008929908,-0.9800926,0.1984816
1.5,7.856765,1.289117,4.556518,0.00478451,0.0008940467,-0.9800925,0.1984816
1.55,7.847822,1.287204,4.569068,0.004789866,0.0008951313,-0.9800925,0.1984816
1.6,7.838636,1.28525,4.581565,0.00479536,0.000896244,-0.9800925,0.1984816
1.649999,7.829207,1.283253,4.59401,0.004800992,0.0008973845,-0.9800925,0.1984816
1.699999,7.819541,1.281217,4.606401,0.004806759,0.0008985524,-0.9800924,0.1984816
1.749999,7.809638,1.279141,4.618741,0.004812659,0.0008997472,-0.9800924,0.1984816
1.799999,7.7995,1.277027,4.631028,0.00481869,0.0009009687,-0.9800923,0.1984816
1.849999,7.789132,1.274877,4.643263,0.004824852,0.0009022165,-0.9800923,0.1984816
1.899999,7.778534,1.272691,4.655446,0.00483114,0.00090349,-0.9800923,0.1984816
1.949999,7.767711,1.270469,4.667577,0.004837555,0.0009047891,-0.9800923,0.1984816
1.999999,7.756663,1.268215,4.679656,0.004844093,0.0009061132,-0.9800922,0.1984816
2.049999,7.745393,1.265927,4.691683,0.004850754,0.000907462,-0.9800922,0.1984816
2.099999,7.733905,1.263609,4.70366,0.004857534,0.0009088351,-0.9800922,0.1984816
2.149999,7.722199,1.26126,4.715584,0.004864432,0.0009102321,-0.9800922,0.1984815
2.199999,7.71028,1.258882,4.727457,0.004871447,0.0009116526,-0.9800921,0.1984815
2.249999,7.69815,1.256477,4.739278,0.004878576,0.0009130964,-0.9800921,0.1984815
2.299999,7.68581,1.254044,4.75105,0.004885817,0.0009145628,-0.980092,0.1984815
2.349999,7.673263,1.251586,4.76277,0.004893169,0.0009160516,-0.980092,0.1984815
2.399999,7.660512,1.249103,4.774439,0.00490063,0.0009175625,-0.980092,0.1984815
2.449999,7.647559,1.246596,4.786057,0.004908197,0.0009190949,-0.9800919,0.1984815
2.499999,7.634407,1.244067,4.797626,0.004915869,0.0009206486,-0.9800919,0.1984815
2.549999,7.621058,1.241517,4.809144,0.004923644,0.0009222231,-0.9800919,0.1984815
2.599999,7.607515,1.238947,4.820612,0.004931519,0.000923818,-0.9800918,0.1984815
2.649999,7.59378,1.236357,4.832029,0.004939494,0.0009254329,-0.9800918,0.1984815
2.699999,7.579855,1.23375,4.843397,0.004947565,0.0009270677,-0.9800918,0.1984815
2.749999,7.565743,1.231126,4.854715,0.004955733,0.0009287216,-0.9800917,0.1984815
2.799999,7.551447,1.228487,4.865983,0.004963993,0.0009303945,-0.9800916,0.1984815
2.849998,7.53697,1.225832,4.877202,0.004972345,0.0009320857,-0.9800916,0.1984814
2.899998,7.522312,1.223165,4.888371,0.004980787,0.0009337953,-0.9800916,0.1984814
2.949998,7.507478,1.220485,4.899492,0.004989315,0.0009355225,-0.9800915,0.1984814
2.999998,7.492469,1.217794,4.910563,0.00499793,0.0009372671,-0.9800915,0.1984814
3.049998,7.477287,1.215092,4.921585,0.005006629,0.0009390287,-0.9800914,0.1984814
3.099998,7.461936,1.212382,4.932558,0.00501541,0.0009408069,-0.9800914,0.1984814
3.149998,7.446418,1.209664,4.943482,0.00502427,0.0009426012,-0.9800913,0.1984814
3.199998,7.430736,1.206939,4.954358,0.005033209,0.0009444114,-0.9800913,0.1984814
3.249998,7.41489,1.204209,4.965185,0.005042223,0.0009462371,-0.9800912,0.1984814
3.299998,7.398886,1.201474,4.975964,0.005051313,0.0009480778,-0.9800912,0.1984814
3.349998,7.382723,1.198736,4.986695,0.005060474,0.0009499331,-0.9800912,0.1984814
3.399998,7.366406,1.195996,4.997378,0.005069706,0.0009518026,-0.9800911,0.1984813
3.449998,7.349937,1.193254,5.008013,0.005079006,0.0009536861,-0.980091,0.1984813
3.499998,7.333318,1.190513,5.0186,0.005088374,0.0009555831,-0.980091,0.1984813
3.549998,7.316551,1.187772,5.02914,0.005097806,0.0009574932,-0.980091,0.1984813
3.599998,7.29964,1.185034,5.039632,0.005107301,0.000959416,-0.9800909,0.1984813
3.649998,7.282586,1.182299,5.050076,0.005116857,0.0009613512,-0.9800909,0.1984813
3.699998,7.265392,1.179569,5.060474,0.005126471,0.0009632984,-0.9800908,0.1984813
3.749998,7.24806,1.176844,5.070824,0.005136143,0.0009652571,-0.9800907,0.1984813
3.799998,7.230593,1.174126,5.081128,0.005145871,0.000967227,-0.9800907,0.1984813
3.849998,7.212994,1.171416,5.091384,0.005155651,0.0009692077,-0.9800907,0.1984813
3.899997,7.195265,1.168715,5.101594,0.005165483,0.0009711988,-0.9800906,0.1984813
3.949997,7.177408,1.166024,5.111758,0.005175365,0.0009731999,-0.9800906,0.1984812
3.999997,7.159425,1.163344,5.121874,0.005185294,0.0009752107,-0.9800905,0.1984812
4.049997,7.14132,1.160676,5.131945,0.005195269,0.0009772307,-0.9800904,0.1984812
4.099998,7.123095,1.158022,5.14197,0.005205288,0.0009792596,-0.9800904,0.1984812
4.149998,7.104752,1.155382,5.151948,0.005215348,0.0009812971,-0.9800903,0.1984812
4.199998,7.086294,1.152758,5.16188,0.005225449,0.0009833426,-0.9800903,0.1984812
4.249998,7.067723,1.150151,5.171767,0.005235587,0.000985396,-0.9800903,0.1984812
4.299998,7.049041,1.147562,5.181609,0.005245762,0.0009874565,-0.9800902,0.1984812
4.349998,7.030252,1.144992,5.191404,0.005255972,0.0009895239,-0.9800901,0.1984812
4.399999,7.011357,1.142441,5.201155,0.005266213,0.000991598,-0.9800901,0.1984812
4.449999,6.992359,1.139912,5.21086,0.005276485,0.0009936782,-0.98009,0.1984812
4.499999,6.973261,1.137406,5.22052,0.005286786,0.0009957642,-0.98009,0.1984811
4.549999,6.954065,1.134923,5.230135,0.005297113,0.0009978556,-0.9800899,0.1984811
4.599999,6.934773,1.132465,5.239706,0.005307465,0.000999952,-0.9800898,0.1984811
4.65,6.915388,1.130032,5.249231,0.00531784,0.001002053,-0.9800898,0.1984811
4.7,6.895913,1.127626,5.258712,0.005328236,0.001004158,-0.9800897,0.1984811
4.75,6.876349,1.125248,5.268149,0.005338651,0.001006267,-0.9800897,0.1984811
4.8,6.8567,1.1229,5.277542,0.005349083,0.00100838,-0.9800896,0.1984811
4.85,6.836967,1.120581,5.28689,0.00535953,0.001010496,-0.9800895,0.1984811
4.900001,6.817154,1.118294,5.296195,0.005369991,0.001012614,-0.9800895,0.198481
4.950001,6.797263,1.116039,5.305455,0.005380463,0.001014735,-0.9800894,0.198481
5.000001,6.777296,1.113818,5.314672,0.005390944,0.001016858,-0.9800894,0.198481
5.050001,6.757255,1.111632,5.323845,0.005401434,0.001018982,-0.9800894,0.198481
5.100001,6.737144,1.109481,5.332974,0.005411929,0.001021107,-0.9800893,0.198481
5.150002,6.716964,1.107367,5.342061,0.005422427,0.001023234,-0.9800892,0.198481
5.200002,6.696719,1.105292,5.351104,0.005432928,0.00102536,-0.9800892,0.198481
5.250002,6.67641,1.103255,5.360105,0.005443429,0.001027487,-0.9800891,0.198481
5.300002,6.656039,1.101259,5.369062,0.005453927,0.001029613,-0.9800891,0.198481
5.350002,6.635611,1.099304,5.377976,0.005464423,0.001031738,-0.980089,0.198481
5.400002,6.615126,1.097392,5.386848,0.005474912,0.001033862,-0.9800889,0.1984809
5.450003,6.594588,1.095523,5.395678,0.005485394,0.001035985,-0.9800888,0.1984809
5.500003,6.573999,1.093699,5.404465,0.005495865,0.001038106,-0.9800888,0.1984809
5.550003,6.553361,1.091921,5.413209,0.005506326,0.001040224,-0.9800887,0.1984809
5.600003,6.532677,1.09019,5.421912,0.005516774,0.00104234,-0.9800887,0.1984809
5.650003,6.51195,1.088507,5.430573,0.005527206,0.001044452,-0.9800887,0.1984809
5.700004,6.49118,1.086874,5.439192,0.005537621,0.001046562,-0.9800886,0.1984809
5.750004,6.470373,1.08529,5.447769,0.005548017,0.001048667,-0.9800885,0.1984809
5.800004,6.449529,1.083758,5.456305,0.005558392,0.001050768,-0.9800885,0.1984809
5.850004,6.428652,1.082279,5.464799,0.005568744,0.001052864,-0.9800884,0.1984809
5.900004,6.407743,1.080854,5.473252,0.005579072,0.001054956,-0.9800884,0.1984808
5.950005,6.386805,1.079483,5.481664,0.005589372,0.001057042,-0.9800883,0.1984808
6.000005,6.365841,1.078168,5.490035,0.005599644,0.001059122,-0.9800882,0.1984808
6.050005,6.344853,1.076911,5.498364,0.005609885,0.001061196,-0.9800882,0.1984808
6.100005,6.323843,1.075711,5.506653,0.005620095,0.001063264,-0.9800881,0.1984808
6.150005,6.302815,1.074571,5.514902,0.00563027,0.001065324,-0.9800881,0.1984808
6.200006,6.28177,1.073491,5.523109,0.005640408,0.001067377,-0.980088,0.1984808
6.250006,6.260711,1.072473,5.531277,0.005650509,0.001069423,-0.9800879,0.1984808
6.300006,6.239641,1.071518,5.539405,0.00566057,0.00107146,-0.9800879,0.1984807
6.350006,6.218561,1.070626,5.547492,0.005670589,0.001073489,-0.9800879,0.1984808
6.400006,6.197475,1.069799,5.55554,0.005680564,0.001075509,-0.9800878,0.1984807
6.450006,6.176384,1.069039,5.563547,0.005690493,0.00107752,-0.9800878,0.1984807
6.500007,6.155293,1.068345,5.571515,0.005700374,0.001079521,-0.9800876,0.1984807
6.550007,6.134202,1.06772,5.579443,0.005710206,0.001081512,-0.9800876,0.1984807
6.600007,6.113114,1.067164,5.587332,0.005719987,0.001083493,-0.9800875,0.1984807
6.650007,6.092031,1.066678,5.595182,0.005729714,0.001085463,-0.9800875,0.1984807
6.700007,6.070958,1.066264,5.602993,0.005739386,0.001087422,-0.9800874,0.1984807
6.750008,6.049894,1.065923,5.610765,0.005749001,0.001089369,-0.9800873,0.1984806
6.800008,6.028844,1.065656,5.618497,0.005758557,0.001091304,-0.9800873,0.1984806
6.850008,6.00781,1.065464,5.626191,0.005768051,0.001093227,-0.9800872,0.1984806
6.900008,5.986793,1.065347,5.633846,0.005777484,0.001095137,-0.9800872,0.1984806
6.950008,5.965798,1.065309,5.641463,0.005786851,0.001097034,-0.9800871,0.1984806
7.000009,5.944825,1.065348,5.649042,0.005796151,0.001098918,-0.980087,0.1984806
7.050009,5.923877,1.065467,5.656582,0.005805383,0.001100787,-0.980087,0.1984806
7.100009,5.902958,1.065666,5.664084,0.005814545,0.001102642,-0.980087,0.1984806
7.150009,5.88207,1.065947,5.671549,0.005823634,0.001104483,-0.9800869,0.1984806
7.200009,5.861214,1.066311,5.678976,0.005832649,0.001106309,-0.9800869,0.1984805
7.25001,5.840393,1.066759,5.686365,0.005841588,0.001108119,-0.9800868,0.1984805
7.30001,5.81961,1.067292,5.693716,0.005850448,0.001109913,-0.9800867,0.1984805
7.35001,5.798868,1.067911,5.70103,0.005859228,0.001111691,-0.9800867,0.1984805
7.40001,5.778168,1.068617,5.708307,0.005867927,0.001113453,-0.9800866,0.1984805
7.45001,5.757514,1.069412,5.715547,0.005876542,0.001115198,-0.9800866,0.1984805
7.50001,5.736908,1.070296,5.722749,0.005885071,0.001116925,-0.9800866,0.1984805
7.550011,5.716351,1.071271,5.729915,0.005893513,0.001118634,-0.9800865,0.1984805
7.600011,5.695848,1.072338,5.737045,0.005901864,0.001120326,-0.9800864,0.1984805
7.650011,5.675399,1.073497,5.744137,0.005910125,0.001121999,-0.9800864,0.1984805
7.700011,5.655008,1.074751,5.751193,0.005918292,0.001123652,-0.9800863,0.1984805
7.750011,5.634677,1.0761,5.758213,0.005926364,0.001125287,-0.9800863,0.1984805
7.800012,5.614409,1.077545,5.765197,0.005934339,0.001126902,-0.9800863,0.1984804
7.850012,5.594206,1.079087,5.772145,0.005942214,0.001128497,-0.9800862,0.1984804
7.900012,5.57407,1.080728,5.779057,0.005949989,0.001130072,-0.9800861,0.1984804
7.950012,5.554005,1.082468,5.785933,0.005957661,0.001131625,-0.9800861,0.1984804
8.000012,5.534011,1.084309,5.792773,0.005965228,0.001133158,-0.9800861,0.1984804
8.050013,5.514093,1.086252,5.799578,0.005972688,0.001134668,-0.980086,0.1984804
8.100013,5.494252,1.088298,5.806347,0.00598004,0.001136157,-0.980086,0.1984804
8.150013,5.474491,1.090448,5.813082,0.005987281,0.001137624,-0.980086,0.1984804
8.200013,5.454813,1.092703,5.819781,0.00599441,0.001139067,-0.9800859,0.1984804
8.250013,5.435218,1.095064,5.826446,0.006001425,0.001140488,-0.9800858,0.1984804
8.300014,5.415712,1.097533,5.833075,0.006008323,0.001141885,-0.9800858,0.1984804
8.350014,5.396295,1.100111,5.83967,0.006015103,0.001143258,-0.9800857,0.1984804
8.400014,5.37697,1.102798,5.84623,0.006021763,0.001144607,-0.9800857,0.1984803
8.450014,5.35774,1.105596,5.852756,0.006028302,0.001145931,-0.9800857,0.1984803
8.500014,5.338607,1.108505,5.859248,0.006034716,0.00114723,-0.9800856,0.1984803
8.550014,5.319574,1.111528,5.865705,0.006041005,0.001148504,-0.9800856,0.1984803
8.600015,5.300642,1.114665,5.872129,0.006047166,0.001149751,-0.9800856,0.1984803
8.650015,5.281816,1.117918,5.878518,0.006053197,0.001150973,-0.9800855,0.1984803
8.700015,5.263096,1.121286,5.884874,0.006059098,0.001152168,-0.9800855,0.1984803
8.750015,5.244486,1.124772,5.891196,0.006064864,0.001153335,-0.9800854,0.1984803
8.800015,5.225988,1.128377,5.897485,0.006070497,0.001154476,-0.9800854,0.1984803
8.850016,5.207604,1.132102,5.903741,0.00607599,0.001155589,-0.9800854,0.1984803
8.900016,5.189338,1.135947,5.909963,0.006081346,0.001156673,-0.9800854,0.1984803
8.950016,5.17119,1.139914,5.916152,0.00608656,0.001157729,-0.9800853,0.1984803
9.000016,5.153164,1.144005,5.922308,0.006091632,0.001158756,-0.9800853,0.1984802
9.050016,5.135263,1.148219,5.928432,0.006096559,0.001159754,-0.9800853,0.1984802
9.100017,5.117489,1.152559,5.934523,0.006101339,0.001160722,-0.9800852,0.1984802
9.150017,5.099844,1.157026,5.940581,0.00610597,0.00116166,-0.9800852,0.1984802
9.200017,5.08233,1.16162,5.946607,0.006110452,0.001162567,-0.9800852,0.1984802
9.250017,5.064951,1.166342,5.9526,0.00611478,0.001163444,-0.9800851,0.1984802
9.300017,5.047709,1.171195,5.958562,0.006118954,0.001164289,-0.9800851,0.1984802
9.350018,5.030605,1.176179,5.964492,0.006122972,0.001165103,-0.9800851,0.1984802
9.400018,5.013643,1.181294,5.970389,0.006126832,0.001165885,-0.9800851,0.1984802
9.450018,4.996826,1.186543,5.976255,0.006130532,0.001166634,-0.980085,0.1984802
9.500018,4.980154,1.191926,5.98209,0.00613407,0.00116735,-0.980085,0.1984802
9.550018,4.963632,1.197444,5.987893,0.006137444,0.001168034,-0.980085,0.1984802
9.600019,4.947261,1.203099,5.993664,0.006140653,0.001168684,-0.980085,0.1984802
9.650019,4.931045,1.208892,5.999405,0.006143694,0.001169299,-0.980085,0.1984802
9.700019,4.914985,1.214823,6.005115,0.006146565,0.001169881,-0.980085,0.1984802
9.750019,4.899083,1.220894,6.010793,0.006149265,0.001170428,-0.980085,0.1984802
9.800019,4.883343,1.227106,6.016441,0.006151791,0.001170939,-0.9800849,0.1984802
9.850019,4.867767,1.233461,6.022058,0.006154142,0.001171415,-0.9800849,0.1984802
9.90002,4.852357,1.239958,6.027644,0.006156316,0.001171856,-0.9800849,0.1984802
9.95002,4.837117,1.2466,6.033201,0.006158311,0.00117226,-0.9800849,0.1984802
10.00002,4.822047,1.253387,6.038727,0.006160126,0.001172627,-0.9800849,0.1984802
10.05002,4.80715,1.260321,6.044223,0.006161757,0.001172957,-0.9800849,0.1984802
10.10002,4.792431,1.267403,6.049688,0.006163203,0.00117325,-0.9800848,0.1984802
10.15002,4.77789,1.274634,6.055125,0.006164463,0.001173505,-0.9800848,0.1984802
10.20002,4.76353,1.282014,6.060531,0.006165534,0.001173722,-0.9800848,0.1984802
10.25002,4.749354,1.289546,6.065908,0.006166414,0.001173901,-0.9800848,0.1984802
10.30002,4.735363,1.29723,6.071256,0.006167103,0.00117404,-0.9800848,0.1984802
10.35002,4.721561,1.305067,6.076574,0.006167597,0.00117414,-0.9800848,0.1984802
10.40002,4.707951,1.313058,6.081863,0.006167894,0.0011742,-0.9800848,0.1984802
10.45002,4.694542,1.3212,6.08712,0.006167994,0.00117422,-0.9800848,0.1984802
10.50002,4.681202,1.329347,6.092081,0.006167994,0.00117422,-0.9800848,0.1984802
10.55002,4.667822,1.337338,6.096478,0.006167994,0.00117422,-0.9800848,0.1984802
10.60002,4.654403,1.345175,6.100315,0.006167994,0.00117422,-0.9800848,0.1984802
10.65002,4.640945,1.352859,6.103599,0.006167994,0.00117422,-0.9800848,0.1984802
10.70002,4.627449,1.36039,6.106335,0.006167994,0.00117422,-0.9800848,0.1984802
10.75002,4.613918,1.367771,6.10853,0.006167994,0.00117422,-0.9800848,0.1984802
10.80002,4.600351,1.375001,6.110189,0.006167994,0.00117422,-0.9800848,0.1984802
10.85002,4.586751,1.382082,6.111319,0.006167994,0.00117422,-0.9800848,0.1984802
10.90002,4.573116,1.389016,6.111924,0.006167994,0.00117422,-0.9800848,0.1984802
10.95002,4.55945,1.395803,6.112011,0.006167994,0.00117422,-0.9800848,0.1984802
11.00002,4.545753,1.402445,6.111586,0.006167994,0.00117422,-0.9800848,0.1984802
11.05002,4.532025,1.408942,6.110653,0.006167994,0.00117422,-0.9800848,0.1984802
11.10002,4.518267,1.415296,6.109221,0.006167994,0.00117422,-0.9800848,0.1984802
11.15002,4.504481,1.421508,6.107293,0.006167994,0.00117422,-0.9800848,0.1984802
11.20002,4.490669,1.427579,6.104877,0.006167994,0.00117422,-0.9800848,0.1984802
11.25002,4.47683,1.43351,6.101978,0.006167994,0.00117422,-0.9800848,0.1984802
11.30002,4.462965,1.439302,6.098601,0.006167994,0.00117422,-0.9800848,0.1984802
11.35003,4.449077,1.444957,6.094753,0.006167994,0.00117422,-0.9800848,0.1984802
11.40003,4.435165,1.450475,6.09044,0.006167994,0.00117422,-0.9800848,0.1984802
11.45003,4.421231,1.455858,6.085667,0.006167994,0.00117422,-0.9800848,0.1984802
11.50003,4.407275,1.461106,6.08044,0.006167994,0.00117422,-0.9800848,0.1984802
11.55003,4.393299,1.466221,6.074764,0.006167994,0.00117422,-0.9800848,0.1984802
11.60003,4.379304,1.471204,6.068647,0.006167994,0.00117422,-0.9800848,0.1984802
11.65003,4.365291,1.476056,6.062093,0.006167994,0.00117422,-0.9800848,0.1984802
11.70003,4.35126,1.480779,6.055109,0.006167994,0.00117422,-0.9800848,0.1984802
11.75003,4.337214,1.485372,6.0477,0.006167994,0.00117422,-0.9800848,0.1984802
11.80003,4.323151,1.489838,6.039873,0.006167994,0.00117422,-0.9800848,0.1984802
11.85003,4.309074,1.494178,6.031631,0.006167994,0.00117422,-0.9800848,0.1984802
11.90003,4.294984,1.498392,6.022984,0.006167994,0.00117422,-0.9800848,0.1984802
11.95003,4.280882,1.502482,6.013935,0.006167994,0.00117422,-0.9800848,0.1984802
12.00003,4.266768,1.506449,6.00449,0.006167994,0.00117422,-0.9800848,0.1984802
12.05003,4.252644,1.510294,5.994657,0.006167994,0.00117422,-0.9800848,0.1984802
12.10003,4.238511,1.514018,5.984438,0.006167994,0.00117422,-0.9800848,0.1984802
12.15003,4.224369,1.517622,5.973843,0.006167994,0.00117422,-0.9800848,0.1984802
12.20003,4.21022,1.521108,5.962875,0.006167994,0.00117422,-0.9800848,0.1984802
12.25003,4.196064,1.524476,5.951541,0.006167994,0.00117422,-0.9800848,0.1984802
12.30003,4.181903,1.527728,5.939847,0.006167994,0.00117422,-0.9800848,0.1984802
12.35003,4.167738,1.530864,5.927799,0.006167994,0.00117422,-0.9800848,0.1984802
12.40003,4.15357,1.533887,5.915401,0.006167994,0.00117422,-0.9800848,0.1984802
12.45003,4.139399,1.536796,5.902661,0.006167994,0.00117422,-0.9800848,0.1984802
12.50003,4.125227,1.539593,5.889584,0.006167994,0.00117422,-0.9800848,0.1984802
12.55003,4.111054,1.54228,5.876175,0.006167994,0.00117422,-0.9800848,0.1984802
12.60003,4.096883,1.544857,5.862442,0.006167994,0.00117422,-0.9800848,0.1984802
12.65003,4.082712,1.547325,5.848389,0.006167994,0.00117422,-0.9800848,0.1984802
12.70003,4.068544,1.549686,5.834023,0.006167994,0.00117422,-0.9800848,0.1984802
12.75003,4.05438,1.551941,5.819348,0.006167994,0.00117422,-0.9800848,0.1984802
12.80003,4.040221,1.55409,5.804372,0.006167994,0.00117422,-0.9800848,0.1984802
12.85003,4.026067,1.556135,5.7891,0.006167994,0.00117422,-0.9800848,0.1984802
12.90003,4.01192,1.558078,5.773538,0.006167994,0.00117422,-0.9800848,0.1984802
12.95003,3.99778,1.559918,5.757691,0.006167994,0.00117422,-0.9800848,0.1984802
13.00003,3.983649,1.561658,5.741566,0.006167994,0.00117422,-0.9800848,0.1984802
13.05003,3.969528,1.563298,5.725169,0.006167994,0.00117422,-0.9800848,0.1984802
13.10003,3.955417,1.56484,5.708504,0.006167994,0.00117422,-0.9800848,0.1984802
13.15003,3.941318,1.566284,5.691578,0.006167994,0.00117422,-0.9800848,0.1984802
13.20003,3.927231,1.567632,5.674398,0.006167994,0.00117422,-0.9800848,0.1984802
13.25003,3.913158,1.568885,5.656968,0.006167994,0.00117422,-0.9800848,0.1984802
13.30003,3.8991,1.570044,5.639295,0.006167994,0.00117422,-0.9800848,0.1984802
13.35003,3.885057,1.57111,5.621384,0.006167994,0.00117422,-0.9800848,0.1984802
13.40003,3.871031,1.572085,5.603241,0.006167994,0.00117422,-0.9800848,0.1984802
13.45003,3.857022,1.572968,5.584873,0.006167994,0.00117422,-0.9800848,0.1984802
13.50003,3.843032,1.573763,5.566284,0.006167994,0.00117422,-0.9800848,0.1984802
13.55003,3.829061,1.574468,5.547482,0.006167994,0.00117422,-0.9800848,0.1984802
13.60003,3.815111,1.575087,5.528471,0.006167994,0.00117422,-0.9800848,0.1984802
13.65003,3.801182,1.575619,5.509257,0.006167994,0.00117422,-0.9800848,0.1984802
13.70003,3.787277,1.576066,5.489847,0.006167994,0.00117422,-0.9800848,0.1984802
13.75003,3.773394,1.576429,5.470245,0.006167994,0.00117422,-0.9800848,0.1984802
13.80003,3.759536,1.57671,5.450459,0.006167994,0.00117422,-0.9800848,0.1984802
13.85003,3.745704,1.576909,5.430495,0.006167994,0.00117422,-0.9800848,0.1984802
13.90003,3.731898,1.577027,5.410357,0.006167994,0.00117422,-0.9800848,0.1984802
13.95004,3.71812,1.577066,5.39005,0.006167994,0.00117422,-0.9800848,0.1984802
14.00004,3.704371,1.577026,5.369583,0.006167994,0.00117422,-0.9800848,0.1984802
14.05004,3.690651,1.576909,5.34896,0.006167994,0.00117422,-0.9800848,0.1984802
14.10004,3.676961,1.576716,5.328187,0.006167994,0.00117422,-0.9800848,0.1984802
14.15004,3.663303,1.576448,5.307271,0.006167994,0.00117422,-0.9800848,0.1984802
14.20004,3.649678,1.576107,5.286216,0.006167994,0.00117422,-0.9800848,0.1984802
14.25004,3.636086,1.575692,5.265028,0.006167994,0.00117422,-0.9800848,0.1984802
14.30004,3.622528,1.575206,5.243714,0.006167994,0.00117422,-0.9800848,0.1984802
14.35004,3.609006,1.574649,5.22228,0.006167994,0.00117422,-0.9800848,0.1984802
14.40004,3.595521,1.574023,5.20073,0.006167994,0.00117422,-0.9800848,0.1984802
14.45004,3.582073,1.573329,5.179072,0.006167994,0.00117422,-0.9800848,0.1984802
14.50004,3.568663,1.572567,5.15731,0.006167994,0.00117422,-0.9800848,0.1984802
14.55004,3.555293,1.57174,5.135452,0.006167994,0.00117422,-0.9800848,0.1984802
14.60004,3.541964,1.570848,5.113502,0.006167994,0.00117422,-0.9800848,0.1984802
14.65004,3.528676,1.569891,5.091466,0.006167994,0.00117422,-0.9800848,0.1984802
14.70004,3.515431,1.568873,5.06935,0.006167994,0.00117422,-0.9800848,0.1984802
14.75004,3.502229,1.567792,5.047161,0.006167994,0.00117422,-0.9800848,0.1984802
14.80004,3.489071,1.566651,5.024904,0.006167994,0.00117422,-0.9800848,0.1984802
14.85004,3.47596,1.565451,5.002584,0.006167994,0.00117422,-0.9800848,0.1984802
14.90004,3.462894,1.564193,4.980208,0.006167994,0.00117422,-0.9800848,0.1984802
14.95004,3.449876,1.562877,4.957782,0.006167994,0.00117422,-0.9800848,0.1984802
15.00004,3.436907,1.561506,4.935311,0.006167994,0.00117422,-0.9800848,0.1984802
15.05004,3.423986,1.56008,4.912801,0.006167994,0.00117422,-0.9800848,0.1984802
15.10004,3.411117,1.5586,4.890259,0.006167994,0.00117422,-0.9800848,0.1984802
15.15004,3.398299,1.557068,4.867689,0.006167994,0.00117422,-0.9800848,0.1984802
15.20004,3.385533,1.555483,4.845098,0.006167994,0.00117422,-0.9800848,0.1984802
15.25004,3.372821,1.553849,4.822491,0.006167994,0.00117422,-0.9800848,0.1984802
15.30004,3.360163,1.552166,4.799875,0.006167994,0.00117422,-0.9800848,0.1984802
15.35004,3.347561,1.550434,4.777256,0.006167994,0.00117422,-0.9800848,0.1984802
15.40004,3.335015,1.548655,4.754638,0.006167994,0.00117422,-0.9800848,0.1984802
15.45004,3.322527,1.546831,4.732028,0.006167994,0.00117422,-0.9800848,0.1984802
15.50004,3.310097,1.544961,4.709432,0.006167994,0.00117422,-0.9800848,0.1984802
15.55004,3.297726,1.543048,4.686856,0.006167994,0.00117422,-0.9800848,0.1984802
15.60004,3.285416,1.541093,4.664305,0.006167994,0.00117422,-0.9800848,0.1984802
15.65004,3.273168,1.539096,4.641786,0.006167994,0.00117422,-0.9800848,0.1984802
15.70004,3.260982,1.537059,4.619304,0.006167994,0.00117422,-0.9800848,0.1984802
15.75004,3.248859,1.534982,4.596864,0.006167994,0.00117422,-0.9800848,0.1984802
15.80004,3.2368,1.532868,4.574474,0.006167994,0.00117422,-0.9800848,0.1984802
15.85004,3.224807,1.530716,4.552138,0.006167994,0.00117422,-0.9800848,0.1984802
15.90004,3.212881,1.528529,4.529863,0.006167994,0.00117422,-0.9800848,0.1984802
15.95004,3.201021,1.526307,4.507655,0.006167994,0.00117422,-0.9800848,0.1984802
16.00004,3.189231,1.524052,4.485518,0.006167994,0.00117422,-0.9800848,0.1984802
16.05004,3.177509,1.521764,4.46346,0.006167994,0.00117422,-0.9800848,0.1984802
16.10004,3.165858,1.519445,4.441486,0.006167994,0.00117422,-0.9800848,0.1984802
16.15004,3.154279,1.517095,4.419602,0.006167994,0.00117422,-0.9800848,0.1984802
16.20004,3.142772,1.514717,4.397813,0.006167994,0.00117422,-0.9800848,0.1984802
16.25004,3.131338,1.51231,4.376126,0.006167994,0.00117422,-0.9800848,0.1984802
16.30004,3.119979,1.509877,4.354546,0.006167994,0.00117422,-0.9800848,0.1984802
16.35004,3.108695,1.507418,4.333079,0.006167994,0.00117422,-0.9800848,0.1984802
16.40004,3.097487,1.504934,4.311732,0.006167994,0.00117422,-0.9800848,0.1984802
16.45004,3.086357,1.502427,4.290509,0.006167994,0.00117422,-0.9800848,0.1984802
16.50003,3.075305,1.499897,4.269417,0.006167994,0.00117422,-0.9800848,0.1984802
16.55003,3.064332,1.497346,4.248461,0.006167994,0.00117422,-0.9800848,0.1984802
16.60003,3.053441,1.494775,4.227649,0.006167994,0.00117422,-0.9800848,0.1984802
16.65003,3.04263,1.492185,4.206984,0.006167994,0.00117422,-0.9800848,0.1984802
16.70003,3.031902,1.489577,4.186473,0.006167994,0.00117422,-0.9800848,0.1984802
16.75003,3.021257,1.486953,4.166123,0.006167994,0.00117422,-0.9800848,0.1984802
16.80003,3.010696,1.484312,4.145938,0.006167994,0.00117422,-0.9800848,0.1984802
16.85003,3.000221,1.481657,4.125925,0.006167994,0.00117422,-0.9800848,0.1984802
16.90003,2.989832,1.478989,4.10609,0.006167994,0.00117422,-0.9800848,0.1984802
16.95003,2.97953,1.476308,4.086437,0.006167994,0.00117422,-0.9800848,0.1984802
17.00003,2.969317,1.473616,4.066974,0.006167994,0.00117422,-0.9800848,0.1984802
17.05003,2.959193,1.470915,4.047707,0.006167994,0.00117422,-0.9800848,0.1984802
17.10003,2.94916,1.468204,4.028639,0.006167994,0.00117422,-0.9800848,0.1984802
17.15002,2.939218,1.465485,4.009779,0.006167994,0.00117422,-0.9800848,0.1984802
17.20002,2.929368,1.46276,3.991132,0.006167994,0.00117422,-0.9800848,0.1984802
17.25002,2.919611,1.460029,3.972702,0.006167994,0.00117422,-0.9800848,0.1984802
17.30002,2.909949,1.457293,3.954497,0.006167994,0.00117422,-0.9800848,0.1984802
17.35002,2.900382,1.454554,3.936522,0.006167994,0.00117422,-0.9800848,0.1984802
17.40002,2.890912,1.451813,3.918783,0.006167994,0.00117422,-0.9800848,0.1984802
17.45002,2.881539,1.449071,3.901286,0.006167994,0.00117422,-0.9800848,0.1984802
17.50002,2.872264,1.446329,3.884037,0.006167994,0.00117422,-0.9800848,0.1984802
17.55002,2.863088,1.443588,3.867041,0.006167994,0.00117422,-0.9800848,0.1984802
17.60002,2.854013,1.440849,3.850305,0.006167994,0.00117422,-0.9800848,0.1984802
17.65002,2.845039,1.438114,3.833833,0.006167994,0.00117422,-0.9800848,0.1984802
17.70002,2.836167,1.435383,3.817633,0.006167994,0.00117422,-0.9800848,0.1984802
17.75002,2.827399,1.432657,3.80171,0.006167994,0.00117422,-0.9800848,0.1984802
17.80001,2.818735,1.429939,3.786069,0.006167994,0.00117422,-0.9800848,0.1984802
17.85001,2.810176,1.427228,3.770717,0.006167994,0.00117422,-0.9800848,0.1984802
17.90001,2.801724,1.424526,3.75566,0.006167994,0.00117422,-0.9800848,0.1984802
17.95001,2.793379,1.421834,3.740903,0.006167994,0.00117422,-0.9800848,0.1984802
18.00001,2.785142,1.419154,3.726451,0.006167994,0.00117422,-0.9800848,0.1984802
18.05001,2.777014,1.416486,3.712312,0.006167994,0.00117422,-0.9800848,0.1984802
18.10001,2.768997,1.413831,3.698491,0.006167994,0.00117422,-0.9800848,0.1984802
18.15001,2.761091,1.411191,3.684993,0.006167994,0.00117422,-0.9800848,0.1984802
18.20001,2.753297,1.408566,3.671825,0.006167994,0.00117422,-0.9800848,0.1984802
18.25001,2.745616,1.405958,3.658992,0.006167994,0.00117422,-0.9800848,0.1984802
18.30001,2.73805,1.403368,3.646501,0.006167994,0.00117422,-0.9800848,0.1984802
18.35001,2.730599,1.400798,3.634356,0.006167994,0.00117422,-0.9800848,0.1984802
18.40001,2.723264,1.398247,3.622565,0.006167994,0.00117422,-0.9800848,0.1984802
18.45,2.716047,1.395718,3.611132,0.006167994,0.00117422,-0.9800848,0.1984802
18.5,2.708948,1.39321,3.600064,0.006167994,0.00117422,-0.9800848,0.1984802
18.55,2.701968,1.390727,3.589366,0.006167994,0.00117422,-0.9800848,0.1984802
18.6,2.695108,1.388268,3.579045,0.006167994,0.00117422,-0.9800848,0.1984802
18.65,2.688369,1.385835,3.569105,0.006167994,0.00117422,-0.9800848,0.1984802
18.7,2.681753,1.383429,3.559554,0.006167994,0.00117422,-0.9800848,0.1984802
18.75,2.67526,1.38105,3.550396,0.006167994,0.00117422,-0.9800848,0.1984802
18.8,2.668891,1.378701,3.541638,0.006167994,0.00117422,-0.9800848,0.1984802
18.85,2.662648,1.376382,3.533286,0.006167994,0.00117422,-0.9800848,0.1984802
18.9,2.65653,1.374095,3.525345,0.006167994,0.00117422,-0.9800848,0.1984802
18.95,2.65054,1.371839,3.517821,0.006167994,0.00117422,-0.9800848,0.1984802
19,2.644679,1.369618,3.51072,0.006167994,0.00117422,-0.9800848,0.1984802
19.05,2.638946,1.367431,3.504049,0.006167994,0.00117422,-0.9800848,0.1984802
19.09999,2.633343,1.36528,3.497812,0.006167994,0.00117422,-0.9800848,0.1984802
19.14999,2.627872,1.363166,3.492015,0.006167994,0.00117422,-0.9800848,0.1984802
19.19999,2.622533,1.36109,3.486665,0.006167994,0.00117422,-0.9800848,0.1984802
19.24999,2.617327,1.359053,3.481767,0.006167994,0.00117422,-0.9800848,0.1984802
19.29999,2.612256,1.357056,3.477328,0.006167994,0.00117422,-0.9800848,0.1984802
19.34999,2.607319,1.355101,3.473352,0.006167994,0.00117422,-0.9800848,0.1984802
19.39999,2.602519,1.353188,3.469846,0.006167994,0.00117422,-0.9800848,0.1984802
19.44999,2.597856,1.351319,3.466816,0.006167994,0.00117422,-0.9800848,0.1984802
19.49999,2.593331,1.349495,3.464268,0.006167994,0.00117422,-0.9800848,0.1984802
19.54999,2.588946,1.347717,3.462206,0.006167994,0.00117422,-0.9800848,0.1984802
19.59999,2.5847,1.345986,3.460639,0.006167994,0.00117422,-0.9800848,0.1984802
19.64999,2.580595,1.344302,3.459569,0.006167994,0.00117422,-0.9800848,0.1984802
19.69999,2.576634,1.342668,3.459006,0.006167994,0.00117422,-0.9800848,0.1984802
19.74998,2.572814,1.341085,3.458952,0.006167994,0.00117422,-0.9800848,0.1984802
19.79998,2.56914,1.339553,3.459416,0.006167994,0.00117422,-0.9800848,0.1984802
19.84998,2.56561,1.338073,3.460401,0.006167994,0.00117422,-0.9800848,0.1984802
19.89998,2.562227,1.336648,3.461915,0.006167994,0.00117422,-0.9800848,0.1984802
19.94998,2.55899,1.335277,3.463964,0.006167994,0.00117422,-0.9800848,0.1984802
19.99998,2.555902,1.333962,3.466552,0.006167994,0.00117422,-0.9800848,0.1984802
20.04998,2.552963,1.332704,3.469686,0.006167994,0.00117422,-0.9800848,0.1984802
20.09998,2.550174,1.331504,3.473372,0.006167994,0.00117422,-0.9800848,0.1984802
20.14998,2.547537,1.330364,3.477615,0.006167994,0.00117422,-0.9800848,0.1984802
20.19998,2.545051,1.329284,3.482421,0.006167994,0.00117422,-0.9800848,0.1984802
20.24998,2.542719,1.328266,3.487797,0.006167994,0.00117422,-0.9800848,0.1984802
20.29998,2.54054,1.32731,3.493748,0.006167994,0.00117422,-0.9800848,0.1984802
20.34998,2.538517,1.326418,3.50028,0.006167994,0.00117422,-0.9800848,0.1984802
20.39997,2.53665,1.325591,3.507399,0.006167994,0.00117422,-0.9800848,0.1984802
20.44997,2.53494,1.324831,3.51511,0.006167994,0.00117422,-0.9800848,0.1984802
20.49997,2.533389,1.324137,3.523419,0.006167994,0.00117422,-0.9800848,0.1984802
20.54997,2.531996,1.323511,3.532333,0.006167994,0.00117422,-0.9800848,0.1984802
20.59997,2.530764,1.322955,3.541857,0.006167994,0.00117422,-0.9800848,0.1984802
20.64997,2.529692,1.32247,3.551997,0.006167994,0.00117422,-0.9800848,0.1984802
20.69997,2.528783,1.322056,3.562759,0.006167994,0.00117422,-0.9800848,0.1984802
20.74997,2.528037,1.321715,3.574149,0.006167994,0.00117422,-0.9800848,0.1984802
20.79997,2.527455,1.321447,3.586172,0.006167994,0.00117422,-0.9800848,0.1984802
20.84997,2.527038,1.321255,3.598835,0.006167994,0.00117422,-0.9800848,0.1984802
20.89997,2.526787,1.321139,3.612142,0.006167994,0.00117422,-0.9800848,0.1984802
20.94997,2.526703,1.3211,3.626091,0.006167994,0.00117422,-0.9800848,0.1984802
