0.05,7.296,1.321204,2.393479,0.2261196,0.03757847,-0.9600992,0.1602107
0.1,7.283801,1.321293,2.401377,0.2261042,0.03757597,-0.9601029,0.1602101
0.15,7.271594,1.321378,2.409194,0.2260607,0.03756887,-0.9601138,0.1602084
0.2,7.260176,1.321455,2.416429,0.2259946,0.03755812,-0.9601302,0.1602059
0.25,7.249028,1.321527,2.423422,0.2259067,0.0375438,-0.9601519,0.1602025
0.3,7.237881,1.321597,2.430344,0.2257958,0.03752575,-0.9601794,0.1601983
0.35,7.226734,1.321663,2.437196,0.2256622,0.03750399,-0.9602126,0.1601932
0.4,7.215588,1.321726,2.44398,0.2255059,0.03747855,-0.9602512,0.1601872
0.45,7.204446,1.321787,2.450692,0.2253273,0.03744946,-0.9602955,0.1601803
0.5000001,7.193305,1.321845,2.457335,0.2251265,0.03741676,-0.9603451,0.1601726
0.5500001,7.182164,1.3219,2.463911,0.2249035,0.03738045,-0.9604003,0.160164
0.6000001,7.171023,1.321952,2.470419,0.2246587,0.03734058,-0.9604607,0.1601546
0.6500001,7.159884,1.322002,2.476859,0.2243921,0.03729717,-0.9605263,0.1601443
0.7000001,7.148748,1.322049,2.483232,0.2241039,0.03725025,-0.9605973,0.1601332
0.7500001,7.137614,1.322093,2.489537,0.2237944,0.03719985,-0.9606734,0.1601213
0.8000001,7.126482,1.322134,2.495775,0.2234637,0.037146,-0.9607546,0.1601085
0.8500001,7.115353,1.322173,2.501947,0.223112,0.03708873,-0.9608409,0.1600948
0.9000002,7.104227,1.32221,2.508052,0.2227394,0.03702806,-0.9609321,0.1600804
0.9500002,7.093104,1.322244,2.514091,0.2223461,0.03696401,-0.9610282,0.1600651
1,7.081984,1.322275,2.520065,0.2219323,0.03689662,-0.9611291,0.160049
1.05,7.070868,1.322304,2.525973,0.2214981,0.03682593,-0.9612347,0.160032
1.1,7.059755,1.32233,2.531817,0.2210438,0.03675194,-0.9613451,0.1600143
1.15,7.048646,1.322354,2.537596,0.2205694,0.0366747,-0.96146,0.1599957
1.2,7.037541,1.322375,2.54331,0.2200752,0.03659422,-0.9615796,0.1599763
1.25,7.026441,1.322394,2.54896,0.2195613,0.03651054,-0.9617036,0.1599561
1.3,7.015345,1.322411,2.554547,0.2190279,0.03642368,-0.961832,0.1599351
1.35,7.004252,1.322426,2.560071,0.2184752,0.03633368,-0.9619647,0.1599133
1.4,6.993166,1.322438,2.565531,0.2179033,0.03624056,-0.9621018,0.1598907
1.45,6.982084,1.322448,2.570929,0.2173124,0.03614433,-0.9622429,0.1598672
1.5,6.971008,1.322455,2.576265,0.2167027,0.03604504,-0.9623882,0.159843
1.55,6.959937,1.322461,2.581538,0.2160743,0.03594271,-0.9625374,0.1598179
1.6,6.948872,1.322464,2.58675,0.2154274,0.03583737,-0.9626906,0.159792
1.649999,6.937812,1.322465,2.5919,0.2147621,0.03572903,-0.9628477,0.1597654
1.699999,6.926759,1.322464,2.596989,0.2140787,0.03561774,-0.9630086,0.1597379
1.749999,6.915711,1.322461,2.602018,0.2133773,0.03550352,-0.9631732,0.1597096
1.799999,6.90467,1.322455,2.606986,0.212658,0.03538639,-0.9633414,0.1596806
1.849999,6.893636,1.322448,2.611894,0.211921,0.03526638,-0.963513,0.1596507
1.899999,6.882609,1.322439,2.616743,0.2111666,0.03514352,-0.9636883,0.15962
1.949999,6.871588,1.322427,2.621532,0.2103948,0.03501783,-0.9638668,0.1595885
1.999999,6.860575,1.322414,2.626262,0.2096058,0.03488935,-0.9640487,0.1595562
2.049999,6.84957,1.322399,2.630933,0.2087998,0.0347581,-0.9642338,0.1595231
2.099999,6.838571,1.322381,2.635546,0.207977,0.03462411,-0.9644221,0.1594892
2.149999,6.827581,1.322362,2.640101,0.2071375,0.03448739,-0.9646134,0.1594546
2.199999,6.816598,1.322341,2.644598,0.2062815,0.03434799,-0.9648076,0.1594191
2.249999,6.805624,1.322319,2.649038,0.2054091,0.03420592,-0.9650047,0.1593828
2.299999,6.794658,1.322294,2.65342,0.2045206,0.03406122,-0.9652047,0.1593457
2.349999,6.783701,1.322268,2.657746,0.203616,0.03391391,-0.9654074,0.1593078
2.399999,6.772753,1.32224,2.662015,0.2026956,0.03376402,-0.9656126,0.1592691
2.449999,6.761814,1.32221,2.666228,0.2017595,0.03361158,-0.9658205,0.1592296
2.499999,6.750884,1.322178,2.670386,0.200808,0.03345661,-0.9660309,0.1591893
2.549999,6.739964,1.322145,2.674488,0.199841,0.03329914,-0.9662436,0.1591482
2.599999,6.729053,1.32211,2.678535,0.1988589,0.0331392,-0.9664585,0.1591063
2.649999,6.718151,1.322073,2.682527,0.1978618,0.03297681,-0.9666757,0.1590637
2.699999,6.70726,1.322035,2.686464,0.1968499,0.03281201,-0.966895,0.1590202
2.749999,6.696379,1.321996,2.690348,0.1958233,0.03264482,-0.9671165,0.1589759
2.799999,6.685508,1.321955,2.694177,0.1947822,0.03247527,-0.9673398,0.1589308
2.849998,6.674648,1.321912,2.697953,0.1937267,0.03230338,-0.967565,0.1588849
2.899998,6.663799,1.321868,2.701677,0.1926572,0.03212919,-0.967792,0.1588382
2.949998,6.65296,1.321822,2.705347,0.1915736,0.03195271,-0.9680207,0.1587907
2.999998,6.642134,1.321775,2.708964,0.1904761,0.03177398,-0.968251,0.1587425
3.049998,6.631318,1.321727,2.71253,0.1893651,0.03159304,-0.968483,0.1586934
3.099998,6.620513,1.321677,2.716043,0.1882406,0.03140989,-0.9687163,0.1586435
3.149998,6.609721,1.321626,2.719506,0.1871028,0.03122458,-0.9689509,0.1585928
3.199998,6.59894,1.321573,2.722917,0.1859518,0.03103712,-0.9691869,0.1585413
3.249998,6.588172,1.32152,2.726277,0.1847879,0.03084756,-0.9694241,0.1584891
3.299998,6.577375,1.321465,2.729599,0.1836066,0.03065517,-0.9696633,0.1584358
3.349998,6.566632,1.321408,2.732858,0.1824172,0.03046146,-0.9699027,0.1583819
3.399998,6.555902,1.321351,2.736068,0.1812154,0.03026572,-0.970143,0.1583273
3.449998,6.545184,1.321292,2.739228,0.1800014,0.03006799,-0.9703841,0.1582718
3.499998,6.53448,1.321233,2.742338,0.1787753,0.02986828,-0.9706262,0.1582156
3.549998,6.523789,1.321172,2.7454,0.1775372,0.02966664,-0.9708688,0.1581585
3.599998,6.513112,1.32111,2.748413,0.1762874,0.02946308,-0.9711121,0.1581007
3.649998,6.502448,1.321047,2.751378,0.1750261,0.02925764,-0.971356,0.1580421
3.699998,6.491798,1.320983,2.754295,0.1737534,0.02905034,-0.9716004,0.1579827
3.749998,6.481163,1.320918,2.757165,0.1724695,0.02884122,-0.9718451,0.1579225
3.799998,6.470542,1.320852,2.759987,0.1711745,0.02863031,-0.9720901,0.1578616
3.849998,6.459936,1.320785,2.762762,0.1698687,0.02841762,-0.9723355,0.1577998
3.899997,6.449344,1.320717,2.765491,0.1685523,0.0282032,-0.9725809,0.1577373
3.949997,6.438767,1.320648,2.768174,0.1672254,0.02798707,-0.9728265,0.157674
3.999997,6.428206,1.320578,2.77081,0.1658882,0.02776926,-0.973072,0.1576099
4.049997,6.417659,1.320508,2.773401,0.1645408,0.0275498,-0.9733174,0.1575451
4.099998,6.407129,1.320436,2.775947,0.1631836,0.02732872,-0.9735627,0.1574795
4.149998,6.396614,1.320364,2.778448,0.1618165,0.02710605,-0.9738079,0.1574131
4.199998,6.386115,1.320291,2.780904,0.1604399,0.02688182,-0.9740527,0.1573459
4.249998,6.375632,1.320218,2.783316,0.1590539,0.02665606,-0.9742972,0.157278
4.299998,6.365165,1.320143,2.785684,0.1576587,0.0264288,-0.9745412,0.1572094
4.349998,6.354715,1.320068,2.788008,0.1562545,0.02620006,-0.9747847,0.1571399
4.399999,6.344282,1.319993,2.790289,0.1548414,0.02596989,-0.9750276,0.1570698
4.449999,6.333866,1.319916,2.792527,0.1534197,0.02573831,-0.9752699,0.1569988
4.499999,6.323467,1.31984,2.794722,0.1519896,0.02550534,-0.9755114,0.1569272
4.549999,6.313085,1.319762,2.796875,0.1505512,0.02527103,-0.9757521,0.1568547
4.599999,6.302721,1.319684,2.798987,0.1491047,0.0250354,-0.9759921,0.1567816
4.65,6.292374,1.319606,2.801056,0.1476502,0.02479848,-0.9762311,0.1567077
4.7,6.282046,1.319527,2.803084,0.1461881,0.02456031,-0.9764691,0.1566331
4.75,6.271735,1.319447,2.805071,0.1447185,0.0243209,-0.976706,0.1565578
4.8,6.261443,1.319367,2.807018,0.1432415,0.02408031,-0.9769419,0.1564818
4.85,6.251169,1.319287,2.808924,0.1417575,0.02383855,-0.9771765,0.156405
4.900001,6.240915,1.319206,2.81079,0.1402664,0.02359565,-0.97741,0.1563275
4.950001,6.230679,1.319125,2.812616,0.1387686,0.02335166,-0.9776421,0.1562494
5.000001,6.220462,1.319044,2.814404,0.1372642,0.02310659,-0.9778729,0.1561705
5.050001,6.210264,1.318962,2.816151,0.1357535,0.02286048,-0.9781023,0.156091
5.100001,6.200087,1.31888,2.817861,0.1342366,0.02261337,-0.9783301,0.1560107
5.150002,6.189929,1.318798,2.819532,0.1327138,0.02236528,-0.9785565,0.1559298
5.200002,6.17979,1.318716,2.821165,0.1311851,0.02211625,-0.9787812,0.1558482
5.250002,6.169672,1.318634,2.82276,0.1296509,0.0218663,-0.9790044,0.155766
5.300002,6.159574,1.318551,2.824318,0.1281112,0.02161547,-0.9792258,0.155683
5.350002,6.149497,1.318468,2.825839,0.1265664,0.0213638,-0.9794455,0.1555995
5.400002,6.13944,1.318385,2.827322,0.1250165,0.0211113,-0.9796633,0.1555153
5.450003,6.129404,1.318302,2.82877,0.1234618,0.02085802,-0.9798793,0.1554304
5.500003,6.11939,1.318219,2.830182,0.1219025,0.02060399,-0.9800934,0.1553449
5.550003,6.109396,1.318136,2.831558,0.1203389,0.02034924,-0.9803057,0.1552588
5.600003,6.099425,1.318053,2.832898,0.118771,0.0200938,-0.9805158,0.1551721
5.650003,6.089475,1.31797,2.834203,0.1171991,0.0198377,-0.980724,0.1550848
5.700004,6.079546,1.317887,2.835474,0.1156233,0.01958098,-0.9809301,0.1549969
5.750004,6.06964,1.317804,2.83671,0.114044,0.01932367,-0.981134,0.1549084
5.800004,6.059757,1.317721,2.837912,0.1124612,0.0190658,-0.9813358,0.1548193
5.850004,6.049895,1.317639,2.83908,0.1108752,0.0188074,-0.9815354,0.1547296
5.900004,6.040057,1.317556,2.840215,0.1092862,0.01854851,-0.9817327,0.1546394
5.950005,6.030241,1.317474,2.841316,0.1076944,0.01828916,-0.9819278,0.1545486
6.000005,6.020449,1.317392,2.842386,0.1061,0.01802938,-0.9821205,0.1544573
6.050005,6.010679,1.31731,2.843422,0.1045031,0.0177692,-0.9823109,0.1543654
6.100005,6.000934,1.317229,2.844426,0.1029041,0.01750867,-0.9824989,0.1542731
6.150005,5.991211,1.317148,2.845399,0.101303,0.0172478,-0.9826844,0.1541802
6.200006,5.981513,1.317067,2.84634,0.09970011,0.01698663,-0.9828675,0.1540868
6.250006,5.971839,1.316987,2.84725,0.09809563,0.0167252,-0.9830482,0.1539929
6.300006,5.96219,1.316907,2.848129,0.09648973,0.01646354,-0.9832262,0.1538985
6.350006,5.952564,1.316827,2.848977,0.09488264,0.01620169,-0.9834019,0.1538037
6.400006,5.942964,1.316748,2.849796,0.09327453,0.01593966,-0.9835749,0.1537084
6.450006,5.933388,1.316669,2.850585,0.09166563,0.01567751,-0.9837453,0.1536127
6.500007,5.923837,1.316591,2.851343,0.09005614,0.01541526,-0.9839131,0.1535165
6.550007,5.914311,1.316514,2.852073,0.08844624,0.01515294,-0.9840783,0.1534199
6.600007,5.904812,1.316436,2.852774,0.08683618,0.01489059,-0.9842407,0.1533229
6.650007,5.895338,1.31636,2.853447,0.08522613,0.01462824,-0.9844006,0.1532255
6.700007,5.885889,1.316284,2.854091,0.0836163,0.01436592,-0.9845577,0.1531277
6.750008,5.876467,1.316209,2.854708,0.08200692,0.01410367,-0.9847121,0.1530296
6.800008,5.867071,1.316134,2.855297,0.08039814,0.01384152,-0.9848638,0.152931
6.850008,5.857701,1.31606,2.855859,0.0787902,0.01357951,-0.9850127,0.1528322
6.900008,5.848359,1.315987,2.856394,0.07718329,0.01331766,-0.9851589,0.152733
6.950008,5.839043,1.315915,2.856902,0.07557763,0.01305602,-0.9853023,0.1526334
7.000009,5.829753,1.315843,2.857384,0.07397344,0.01279461,-0.9854429,0.1525336
7.050009,5.820492,1.315772,2.85784,0.07237086,0.01253346,-0.9855807,0.1524335
7.100009,5.811257,1.315702,2.858271,0.07077012,0.01227261,-0.9857157,0.1523331
7.150009,5.802051,1.315633,2.858676,0.06917147,0.01201209,-0.9858479,0.1522325
7.200009,5.792872,1.315565,2.859057,0.0675751,0.01175195,-0.9859774,0.1521315
7.25001,5.783722,1.315498,2.859413,0.06598114,0.0114922,-0.9861041,0.1520304
7.30001,5.774599,1.315431,2.859745,0.06438991,0.01123289,-0.9862278,0.151929
7.35001,5.765506,1.315366,2.860052,0.06280151,0.01097404,-0.9863488,0.1518275
7.40001,5.756441,1.315302,2.860336,0.06121618,0.01071569,-0.9864669,0.1517257
7.45001,5.747404,1.315238,2.860598,0.05963415,0.01045787,-0.9865823,0.1516238
7.50001,5.738396,1.315176,2.860836,0.05805561,0.01020062,-0.9866948,0.1515217
7.550011,5.729418,1.315115,2.861051,0.05648074,0.00994397,-0.9868045,0.1514195
7.600011,5.72047,1.315055,2.861244,0.05490975,0.009687949,-0.9869114,0.1513171
7.650011,5.711551,1.314996,2.861415,0.05334286,0.009432594,-0.9870156,0.1512147
7.700011,5.702662,1.314938,2.861565,0.05178025,0.009177935,-0.9871169,0.1511121
7.750011,5.693802,1.314881,2.861693,0.05022213,0.008924004,-0.9872153,0.1510095
7.800012,5.684974,1.314826,2.8618,0.04866873,0.008670841,-0.9873112,0.1509068
7.850012,5.676175,1.314772,2.861887,0.04712021,0.008418473,-0.9874042,0.1508041
7.900012,5.667407,1.314719,2.861953,0.04557681,0.008166934,-0.9874944,0.1507013
7.950012,5.65867,1.314667,2.862,0.04403869,0.007916258,-0.9875818,0.1505985
8.000012,5.649964,1.314617,2.862026,0.04250608,0.007666475,-0.9876667,0.1504958
8.050013,5.64129,1.314568,2.862034,0.04097917,0.007417619,-0.9877487,0.150393
8.100013,5.632647,1.314521,2.862022,0.03945816,0.007169725,-0.9878282,0.1502903
8.150013,5.624034,1.314474,2.861992,0.03794328,0.006922827,-0.9879049,0.1501877
8.200013,5.615455,1.31443,2.861943,0.03643467,0.00667695,-0.9879789,0.1500851
8.250013,5.606907,1.314387,2.861877,0.03493259,0.006432135,-0.9880504,0.1499827
8.300014,5.598392,1.314345,2.861793,0.03343717,0.006188403,-0.9881192,0.1498803
8.350014,5.589908,1.314305,2.861691,0.03194868,0.005945801,-0.9881854,0.1497781
8.400014,5.581458,1.314266,2.861572,0.03046728,0.005704349,-0.9882491,0.1496761
8.450014,5.57304,1.314229,2.861437,0.02899318,0.005464088,-0.9883102,0.1495742
8.500014,5.564656,1.314194,2.861285,0.02752657,0.00522505,-0.9883688,0.1494725
8.550014,5.556304,1.31416,2.861118,0.02606765,0.004987257,-0.988425,0.149371
8.600015,5.547986,1.314128,2.860934,0.02461663,0.00475075,-0.9884786,0.1492697
8.650015,5.539701,1.314097,2.860735,0.02317368,0.004515559,-0.9885299,0.1491687
8.700015,5.531451,1.314069,2.860522,0.02173902,0.00428172,-0.9885787,0.149068
8.750015,5.523234,1.314042,2.860293,0.02031283,0.004049256,-0.9886252,0.1489675
8.800015,5.515052,1.314016,2.86005,0.01889529,0.003818205,-0.9886692,0.1488674
8.850016,5.506904,1.313993,2.859793,0.01748663,0.003588598,-0.9887111,0.1487675
8.900016,5.498791,1.313971,2.859522,0.01608702,0.003360464,-0.9887506,0.148668
8.950016,5.490712,1.313952,2.859238,0.01469669,0.00313384,-0.9887879,0.1485689
9.000016,5.482668,1.313934,2.858941,0.01331577,0.00290875,-0.9888229,0.1484702
9.050016,5.47466,1.313918,2.858631,0.01194453,0.002685236,-0.9888559,0.1483718
9.100017,5.466687,1.313904,2.858308,0.01058309,0.002463316,-0.9888867,0.1482739
9.150017,5.45875,1.313892,2.857974,0.009231679,0.002243033,-0.9889153,0.1481764
9.200017,5.450848,1.313882,2.857627,0.007890479,0.002024408,-0.9889419,0.1480794
9.250017,5.442983,1.313874,2.85727,0.006559696,0.001807484,-0.9889665,0.1479828
9.300017,5.435153,1.313868,2.856901,0.005239464,0.00159228,-0.9889891,0.1478868
9.350018,5.42736,1.313864,2.856521,0.003930071,0.001378837,-0.9890098,0.1477913
9.400018,5.419604,1.313862,2.856131,0.002631635,0.00116718,-0.9890286,0.1476963
9.450018,5.411884,1.313862,2.855731,0.001344382,0.0009573483,-0.9890455,0.1476019
9.500018,5.404202,1.313865,2.855321,6.845917E-05,0.0007493558,-0.9890606,0.1475081
9.550018,5.396556,1.313869,2.854901,-0.001195909,0.0005432514,-0.9890739,0.1474148
9.600019,5.388948,1.313876,2.854473,-0.00244856,0.0003390533,-0.9890855,0.1473222
9.650019,5.381378,1.313885,2.854035,-0.003689286,0.0001367951,-0.9890953,0.1472303
9.700019,5.373845,1.313897,2.853589,-0.00491791,-6.348627E-05,-0.9891036,0.147139
9.750019,5.36635,1.31391,2.853135,-0.006134226,-0.0002617612,-0.9891102,0.1470484
9.800019,5.358894,1.313926,2.852674,-0.007338086,-0.0004580115,-0.9891153,0.1469585
9.850019,5.351476,1.313944,2.852204,-0.008529286,-0.0006521967,-0.9891189,0.1468693
9.90002,5.344096,1.313965,2.851727,-0.009707619,-0.0008442873,-0.989121,0.1467809
9.95002,5.336755,1.313988,2.851244,-0.01087294,-0.001034258,-0.9891217,0.1466933
10.00002,5.329453,1.314014,2.850754,-0.012025,-0.001222068,-0.9891211,0.1466064
10.05002,4.965636,1.321258,2.821606,-0.05015254,-0.007438187,-0.9883336,0.1436179
10.10002,4.959641,1.32153,2.821386,-0.05014665,-0.007437347,-0.9883343,0.1436155
10.15002,4.953508,1.321768,2.821339,-0.05013241,-0.007435317,-0.9883358,0.1436095
10.20002,4.947239,1.321974,2.821463,-0.05010992,-0.00743211,-0.9883384,0.1436002
10.25002,4.940834,1.322147,2.821757,-0.05007925,-0.007427735,-0.9883418,0.1435875
10.30002,4.934295,1.322288,2.822217,-0.05004049,-0.007422207,-0.9883462,0.1435715
10.35002,4.927623,1.322399,2.822844,-0.04999373,-0.007415537,-0.9883513,0.1435521
10.40002,4.920823,1.322478,2.823634,-0.04993906,-0.007407741,-0.9883575,0.1435295
10.45002,4.913888,1.322527,2.824587,-0.04987654,-0.007398824,-0.9883645,0.1435036
10.50002,4.906825,1.322547,2.8257,-0.04980626,-0.0073888,-0.9883723,0.1434744
10.55002,4.899633,1.322536,2.826971,-0.04972831,-0.007377683,-0.988381,0.1434422
10.60002,4.892315,1.322497,2.8284,-0.04964278,-0.007365484,-0.9883906,0.1434067
10.65002,4.884871,1.322429,2.829984,-0.04954974,-0.007352215,-0.9884009,0.1433682
10.70002,4.877301,1.322333,2.831721,-0.04944929,-0.007337888,-0.9884121,0.1433265
10.75002,4.869609,1.32221,2.83361,-0.0493415,-0.007322514,-0.9884241,0.1432819
10.80002,4.861794,1.322059,2.835649,-0.04922647,-0.007306108,-0.9884368,0.1432342
10.85002,4.853858,1.321882,2.837836,-0.04910427,-0.007288679,-0.9884503,0.1431836
10.90002,4.845802,1.321679,2.840169,-0.04897499,-0.007270241,-0.9884647,0.14313
10.95002,4.837628,1.321449,2.842647,-0.04883871,-0.007250804,-0.9884798,0.1430735
11.00002,4.829336,1.321195,2.845268,-0.04869552,-0.007230383,-0.9884956,0.1430142
11.05002,4.820929,1.320915,2.84803,-0.0485455,-0.007208986,-0.9885121,0.142952
11.10002,4.812405,1.320611,2.850931,-0.04838874,-0.007186628,-0.9885293,0.142887
11.15002,4.803768,1.320284,2.853971,-0.04822532,-0.007163321,-0.9885473,0.1428193
11.20002,4.795018,1.319933,2.857145,-0.04805531,-0.007139075,-0.9885659,0.1427488
11.25002,4.786156,1.319559,2.860454,-0.04787883,-0.007113904,-0.9885852,0.1426756
11.30002,4.777184,1.319162,2.863896,-0.04769593,-0.007087818,-0.9886052,0.1425998
11.35003,4.768103,1.318743,2.867467,-0.04750671,-0.00706083,-0.9886258,0.1425214
11.40003,4.758914,1.318303,2.871168,-0.04731125,-0.007032953,-0.988647,0.1424403
11.45003,4.749618,1.317841,2.874996,-0.04710963,-0.007004197,-0.9886689,0.1423567
11.50003,4.740217,1.317359,2.878949,-0.04690194,-0.006974576,-0.9886913,0.1422706
11.55003,4.730711,1.316856,2.883025,-0.04668827,-0.006944101,-0.9887145,0.142182
11.60003,4.721101,1.316334,2.887224,-0.04646869,-0.006912784,-0.9887381,0.1420909
11.65003,4.71139,1.315793,2.891542,-0.0462433,-0.006880637,-0.9887624,0.1419974
11.70003,4.701577,1.315232,2.895979,-0.04601217,-0.006847672,-0.9887871,0.1419015
11.75003,4.691666,1.314654,2.900532,-0.04577538,-0.006813901,-0.9888124,0.1418033
11.80003,4.681655,1.314057,2.9052,-0.04553303,-0.006779335,-0.9888383,0.1417027
11.85003,4.671548,1.313443,2.909981,-0.0452852,-0.006743989,-0.9888647,0.1415999
11.90003,4.661344,1.312811,2.914874,-0.04503196,-0.006707871,-0.9888915,0.1414948
11.95003,4.651045,1.312164,2.919875,-0.04477342,-0.006670997,-0.9889188,0.1413875
12.00003,4.640653,1.3115,2.924985,-0.04450964,-0.006633376,-0.9889466,0.141278
12.05003,4.630167,1.310821,2.9302,-0.04424072,-0.00659502,-0.9889749,0.1411664
12.10003,4.619591,1.310126,2.93552,-0.04396673,-0.006555943,-0.9890037,0.1410526
12.15003,4.608924,1.309417,2.940943,-0.04368777,-0.006516156,-0.9890327,0.1409368
12.20003,4.598168,1.308693,2.946465,-0.04340391,-0.006475671,-0.9890622,0.140819
12.25003,4.587325,1.307956,2.952087,-0.04311525,-0.0064345,-0.9890922,0.1406991
12.30003,4.576395,1.307206,2.957806,-0.04282185,-0.006392655,-0.9891226,0.1405772
12.35003,4.565379,1.306442,2.963621,-0.04252382,-0.006350147,-0.9891533,0.1404535
12.40003,4.554279,1.305666,2.969529,-0.04222123,-0.006306991,-0.9891844,0.1403278
12.45003,4.543096,1.304879,2.975529,-0.04191417,-0.006263196,-0.9892158,0.1402002
12.50003,4.531831,1.30408,2.981619,-0.04160272,-0.006218775,-0.9892476,0.1400708
12.55003,4.520452,1.303267,2.987817,-0.04128602,-0.006173605,-0.9892797,0.1399392
12.60003,4.509027,1.302446,2.994082,-0.04096603,-0.006127967,-0.9893121,0.1398062
12.65003,4.497523,1.301615,3.000433,-0.0406419,-0.006081738,-0.9893448,0.1396715
12.70003,4.485943,1.300775,3.006866,-0.04031374,-0.006034932,-0.9893778,0.1395351
12.75003,4.474286,1.299925,3.013381,-0.03998159,-0.005987559,-0.989411,0.139397
12.80003,4.462554,1.299067,3.019976,-0.03964557,-0.005939634,-0.9894445,0.1392573
12.85003,4.450749,1.2982,3.026649,-0.03930574,-0.005891166,-0.9894782,0.139116
12.90003,4.438872,1.297326,3.033397,-0.03896221,-0.005842169,-0.9895121,0.1389731
12.95003,4.426924,1.296445,3.04022,-0.03861504,-0.005792653,-0.9895463,0.1388287
13.00003,4.414906,1.295556,3.047116,-0.03826433,-0.005742633,-0.9895806,0.1386829
13.05003,4.402819,1.294661,3.054082,-0.03791016,-0.005692118,-0.9896152,0.1385355
13.10003,4.390663,1.29376,3.061118,-0.03755261,-0.005641122,-0.98965,0.1383867
13.15003,4.378442,1.292854,3.068221,-0.03719177,-0.005589656,-0.9896848,0.1382366
13.20003,4.366155,1.291943,3.075389,-0.03682772,-0.005537733,-0.9897199,0.1380851
13.25003,4.353805,1.291027,3.082621,-0.03646056,-0.005485366,-0.9897552,0.1379323
13.30003,4.341391,1.290107,3.089916,-0.03609035,-0.005432563,-0.9897905,0.1377781
13.35003,4.328916,1.289184,3.09727,-0.03571719,-0.00537934,-0.989826,0.1376228
13.40003,4.31638,1.288257,3.104683,-0.03534115,-0.005325708,-0.9898615,0.1374662
13.45003,4.303785,1.287328,3.112153,-0.03496233,-0.005271677,-0.9898971,0.1373084
13.50003,4.291131,1.286396,3.119678,-0.03458082,-0.005217263,-0.9899328,0.1371495
13.55003,4.278421,1.285462,3.127256,-0.03419669,-0.005162474,-0.9899686,0.1369895
13.60003,4.265656,1.284528,3.134886,-0.03381003,-0.005107325,-0.9900045,0.1368284
13.65003,4.252835,1.283592,3.142566,-0.03342091,-0.005051827,-0.9900403,0.1366663
13.70003,4.239961,1.282656,3.150293,-0.03302944,-0.004995991,-0.9900763,0.1365031
13.75003,4.227036,1.28172,3.158067,-0.03263569,-0.004939831,-0.9901122,0.136339
13.80003,4.214058,1.280785,3.165885,-0.03223975,-0.004883359,-0.9901482,0.136174
13.85003,4.201032,1.27985,3.173746,-0.0318417,-0.004826585,-0.9901841,0.136008
13.90003,4.187956,1.278917,3.181648,-0.03144163,-0.004769523,-0.9902201,0.1358412
13.95004,4.174833,1.277987,3.189589,-0.03103962,-0.004712185,-0.9902561,0.1356735
14.00004,4.161664,1.277058,3.197567,-0.03063575,-0.004654581,-0.990292,0.1355051
14.05004,4.14845,1.276132,3.205582,-0.03023011,-0.004596725,-0.9903278,0.1353359
14.10004,4.135192,1.275209,3.21363,-0.0298228,-0.00453863,-0.9903637,0.1351659
14.15004,4.121891,1.274291,3.221711,-0.02941387,-0.004480306,-0.9903994,0.1349953
14.20004,4.108548,1.273376,3.229821,-0.02900344,-0.004421765,-0.9904351,0.134824
14.25004,4.095166,1.272466,3.237961,-0.02859157,-0.00436302,-0.9904708,0.1346521
14.30004,4.081744,1.271561,3.246127,-0.02817836,-0.004304083,-0.9905063,0.1344796
14.35004,4.068284,1.270662,3.254319,-0.02776389,-0.004244967,-0.9905417,0.1343066
14.40004,4.054788,1.269769,3.262534,-0.02734824,-0.004185683,-0.990577,0.134133
14.45004,4.041255,1.268883,3.270771,-0.0269315,-0.004126243,-0.9906123,0.1339589
14.50004,4.027689,1.268003,3.279027,-0.02651375,-0.00406666,-0.9906474,0.1337844
14.55004,4.01409,1.267131,3.287302,-0.02609508,-0.004006945,-0.9906823,0.1336095
14.60004,4.000458,1.266267,3.295593,-0.02567559,-0.003947111,-0.9907172,0.1334343
14.65004,3.986795,1.265411,3.303899,-0.02525533,-0.003887169,-0.9907518,0.1332586
14.70004,3.973103,1.264564,3.312217,-0.02483441,-0.003827132,-0.9907863,0.1330827
14.75004,3.959383,1.263726,3.320547,-0.02441291,-0.003767013,-0.9908207,0.1329065
14.80004,3.945635,1.262898,3.328886,-0.02399091,-0.003706823,-0.9908549,0.1327301
14.85004,3.931861,1.26208,3.337233,-0.02356849,-0.003646573,-0.9908889,0.1325535
14.90004,3.918062,1.261273,3.345585,-0.02314575,-0.003586276,-0.9909227,0.1323767
14.95004,3.90424,1.260477,3.353942,-0.02272277,-0.003525946,-0.9909564,0.1321998
15.00004,3.890395,1.259693,3.362301,-0.02229963,-0.003465593,-0.9909897,0.1320228
15.05004,3.876528,1.25892,3.37066,-0.02187642,-0.003405229,-0.9910229,0.1318457
15.10004,3.862642,1.25816,3.379018,-0.02145322,-0.003344867,-0.991056,0.1316686
15.15004,3.848737,1.257414,3.387373,-0.02103012,-0.003284518,-0.9910887,0.1314915
15.20004,3.834814,1.25668,3.395724,-0.0206072,-0.003224196,-0.9911213,0.1313145
15.25004,3.820874,1.255961,3.404068,-0.02018455,-0.003163913,-0.9911536,0.1311376
15.30004,3.806919,1.255256,3.412404,-0.01976225,-0.003103678,-0.9911857,0.1309608
15.35004,3.79295,1.254565,3.42073,-0.01934038,-0.003043507,-0.9912175,0.1307841
15.40004,3.778967,1.25389,3.429044,-0.01891905,-0.00298341,-0.9912491,0.1306076
15.45004,3.764973,1.253231,3.437345,-0.01849831,-0.002923399,-0.9912804,0.1304314
15.50004,3.750968,1.252588,3.44563,-0.01807827,-0.002863487,-0.9913116,0.1302554
15.55004,3.736954,1.251961,3.453898,-0.017659,-0.002803685,-0.9913422,0.1300797
15.60004,3.722932,1.251352,3.462148,-0.0172406,-0.002744006,-0.9913728,0.1299044
15.65004,3.708903,1.250761,3.470377,-0.01682314,-0.002684463,-0.991403,0.1297294
15.70004,3.694867,1.250187,3.478584,-0.01640672,-0.002625067,-0.991433,0.1295549
15.75004,3.680827,1.249632,3.486767,-0.01599141,-0.002565829,-0.9914628,0.1293808
15.80004,3.666784,1.249096,3.494924,-0.0155773,-0.002506762,-0.9914921,0.1292071
15.85004,3.652738,1.248579,3.503053,-0.01516449,-0.00244788,-0.9915212,0.129034
15.90004,3.638833,1.248087,3.511072,-0.01475718,-0.002389784,-0.9915497,0.1288632
15.95004,3.625868,1.247647,3.51852,-0.01437872,-0.002335803,-0.991576,0.1287044
16.00004,3.612907,1.247224,3.52594,-0.01400164,-0.002282018,-0.9916021,0.1285462
16.05004,2.586283,1.321717,3.907787,0.006248786,0.000606475,-0.9927518,0.1200192
16.10004,2.586151,1.321754,3.90778,0.006248686,0.0006064605,-0.9927518,0.1200192
16.15004,2.586151,1.321754,3.90778,0.006248686,0.0006064605,-0.9927518,0.1200192
16.20004,2.586151,1.321754,3.90778,0.006248686,0.0006064605,-0.9927518,0.1200192
16.25004,2.586151,1.321754,3.90778,0.006248686,0.0006064605,-0.9927518,0.1200192
16.30004,2.586151,1.321754,3.90778,0.006248686,0.0006064605,-0.9927518,0.1200192
16.35004,2.586151,1.321754,3.90778,0.006248686,0.0006064605,-0.9927518,0.1200192
16.40004,2.586151,1.321754,3.90778,0.006248686,0.0006064605,-0.9927518,0.1200192
16.45004,2.586151,1.321754,3.90778,0.006248686,0.0006064605,-0.9927518,0.1200192
16.50003,2.586151,1.321754,3.90778,0.006248686,0.0006064605,-0.9927518,0.1200192
16.55003,2.586151,1.321754,3.90778,0.006248686,0.0006064605,-0.9927518,0.1200192
16.60003,2.586151,1.321754,3.90778,0.006248686,0.0006064605,-0.9927518,0.1200192
16.65003,2.586151,1.321754,3.90778,0.006248686,0.0006064605,-0.9927518,0.1200192
16.70003,2.586151,1.321754,3.90778,0.006248686,0.0006064605,-0.9927518,0.1200192
16.75003,2.586151,1.321754,3.90778,0.006248686,0.0006064605,-0.9927518,0.1200192
16.80003,2.586151,1.321754,3.90778,0.006248686,0.0006064605,-0.9927518,0.1200192
16.85003,2.586151,1.321754,3.90778,0.006248686,0.0006064605,-0.9927518,0.1200192
16.90003,2.586151,1.321754,3.90778,0.006248686,0.0006064605,-0.9927518,0.1200192
16.95003,2.586151,1.321754,3.90778,0.006248686,0.0006064605,-0.9927518,0.1200192
17.00003,2.586151,1.321754,3.90778,0.006248686,0.0006064605,-0.9927518,0.1200192
17.05003,2.586151,1.321754,3.90778,0.006248686,0.0006064605,-0.9927518,0.1200192
17.10003,2.586151,1.321754,3.90778,0.006248686,0.0006064605,-0.9927518,0.1200192
17.15002,2.586151,1.321754,3.90778,0.006248686,0.0006064605,-0.9927518,0.1200192
17.20002,2.586151,1.321754,3.90778,0.006248686,0.0006064605,-0.9927518,0.1200192
17.25002,2.586151,1.321754,3.90778,0.006248686,0.0006064605,-0.9927518,0.1200192
17.30002,2.586151,1.321754,3.90778,0.006248686,0.0006064605,-0.9927518,0.1200192
17.35002,2.586151,1.321754,3.90778,0.006248686,0.0006064605,-0.9927518,0.1200192
17.40002,2.586151,1.321754,3.90778,0.006248686,0.0006064605,-0.9927518,0.1200192
17.45002,2.586151,1.321754,3.90778,0.006248686,0.0006064605,-0.9927518,0.1200192
17.50002,2.586151,1.321754,3.90778,0.006248686,0.0006064605,-0.9927518,0.1200192
17.55002,2.586151,1.321754,3.90778,0.006248686,0.0006064605,-0.9927518,0.1200192
17.60002,2.586151,1.321754,3.90778,0.006248686,0.0006064605,-0.9927518,0.1200192
17.65002,2.586151,1.321754,3.90778,0.006248686,0.0006064605,-0.9927518,0.1200192
17.70002,2.586151,1.321754,3.90778,0.006248686,0.0006064605,-0.9927518,0.1200192
17.75002,2.586151,1.321754,3.90778,0.006248686,0.0006064605,-0.9927518,0.1200192
17.80001,2.586151,1.321754,3.90778,0.006248686,0.0006064605,-0.9927518,0.1200192
17.85001,2.586151,1.321754,3.90778,0.006248686,0.0006064605,-0.9927518,0.1200192
17.90001,2.586151,1.321754,3.90778,0.006248686,0.0006064605,-0.9927518,0.1200192
17.95001,2.586151,1.321754,3.90778,0.006248686,0.0006064605,-0.9927518,0.1200192
18.00001,2.586151,1.321754,3.90778,0.006248686,0.0006064605,-0.9927518,0.1200192
18.05001,2.586151,1.321754,3.90778,0.006248686,0.0006064605,-0.9927518,0.1200192
18.10001,2.586151,1.321754,3.90778,0.006248686,0.0006064605,-0.9927518,0.1200192
18.15001,2.586151,1.321754,3.90778,0.006248686,0.0006064605,-0.9927518,0.1200192
18.20001,2.586151,1.321754,3.90778,0.006248686,0.0006064605,-0.9927518,0.1200192
18.25001,2.586151,1.321754,3.90778,0.006248686,0.0006064605,-0.9927518,0.1200192
18.30001,2.586151,1.321754,3.90778,0.006248686,0.0006064605,-0.9927518,0.1200192
18.35001,2.586151,1.321754,3.90778,0.006248686,0.0006064605,-0.9927518,0.1200192
18.40001,2.586151,1.321754,3.90778,0.006248686,0.0006064605,-0.9927518,0.1200192
18.45,2.586151,1.321754,3.90778,0.006248686,0.0006064605,-0.9927518,0.1200192
18.5,2.586151,1.321754,3.90778,0.006248686,0.0006064605,-0.9927518,0.1200192
18.55,2.586151,1.321754,3.90778,0.006248686,0.0006064605,-0.9927518,0.1200192
18.6,2.586151,1.321754,3.90778,0.006248686,0.0006064605,-0.9927518,0.1200192
18.65,2.586151,1.321754,3.90778,0.006248686,0.0006064605,-0.9927518,0.1200192
18.7,2.586151,1.321754,3.90778,0.006248686,0.0006064605,-0.9927518,0.1200192
18.75,2.586151,1.321754,3.90778,0.006248686,0.0006064605,-0.9927518,0.1200192
18.8,2.586151,1.321754,3.90778,0.006248686,0.0006064605,-0.9927518,0.1200192
18.85,2.586151,1.321754,3.90778,0.006248686,0.0006064605,-0.9927518,0.1200192
18.9,2.586151,1.321754,3.90778,0.006248686,0.0006064605,-0.9927518,0.1200192
18.95,2.586151,1.321754,3.90778,0.006248686,0.0006064605,-0.9927518,0.1200192
19,2.586151,1.321754,3.90778,0.006248686,0.0006064605,-0.9927518,0.1200192
19.05,2.586151,1.321754,3.90778,0.006248686,0.0006064605,-0.9927518,0.1200192
19.09999,2.586151,1.321754,3.90778,0.006248686,0.0006064605,-0.9927518,0.1200192
19.14999,2.586151,1.321754,3.90778,0.006248686,0.0006064605,-0.9927518,0.1200192
19.19999,2.586151,1.321754,3.90778,0.006248686,0.0006064605,-0.9927518,0.1200192
19.24999,2.586151,1.321754,3.90778,0.006248686,0.0006064605,-0.9927518,0.1200192
19.29999,2.586151,1.321754,3.90778,0.006248686,0.0006064605,-0.9927518,0.1200192
19.34999,2.586151,1.321754,3.90778,0.006248686,0.0006064605,-0.9927518,0.1200192
19.39999,2.586151,1.321754,3.90778,0.006248686,0.0006064605,-0.9927518,0.1200192
19.44999,2.586151,1.321754,3.90778,0.006248686,0.0006064605,-0.9927518,0.1200192
19.49999,2.586151,1.321754,3.90778,0.006248686,0.0006064605,-0.9927518,0.1200192
19.54999,2.586151,1.321754,3.90778,0.006248686,0.0006064605,-0.9927518,0.1200192
19.59999,2.586151,1.321754,3.90778,0.006248686,0.0006064605,-0.9927518,0.1200192
19.64999,2.586151,1.321754,3.90778,0.006248686,0.0006064605,-0.9927518,0.1200192
19.69999,2.586151,1.321754,3.90778,0.006248686,0.0006064605,-0.9927518,0.1200192
19.74998,2.586151,1.321754,3.90778,0.006248686,0.0006064605,-0.9927518,0.1200192
19.79998,2.586151,1.321754,3.90778,0.006248686,0.0006064605,-0.9927518,0.1200192
19.84998,2.586151,1.321754,3.90778,0.006248686,0.0006064605,-0.9927518,0.1200192
19.89998,2.586151,1.321754,3.90778,0.006248686,0.0006064605,-0.9927518,0.1200192
19.94998,2.586151,1.321754,3.90778,0.006248686,0.0006064605,-0.9927518,0.1200192
19.99998,2.586151,1.321754,3.90778,0.006248686,0.0006064605,-0.9927518,0.1200192
20.04998,2.586151,1.321754,3.90778,0.006248686,0.0006064605,-0.9927518,0.1200192
20.09998,2.586151,1.321754,3.90778,0.006248686,0.0006064605,-0.9927518,0.1200192
20.14998,2.586151,1.321754,3.90778,0.006248686,0.0006064605,-0.9927518,0.1200192
20.19998,2.586151,1.321754,3.90778,0.006248686,0.0006064605,-0.9927518,0.1200192
20.24998,2.586151,1.321754,3.90778,0.006248686,0.0006064605,-0.9927518,0.1200192
20.29998,2.586151,1.321754,3.90778,0.006248686,0.0006064605,-0.9927518,0.1200192
20.34998,2.586151,1.321754,3.90778,0.006248686,0.0006064605,-0.9927518,0.1200192
20.39997,2.586151,1.321754,3.90778,0.006248686,0.0006064605,-0.9927518,0.1200192
20.44997,2.586151,1.321754,3.90778,0.006248686,0.0006064605,-0.9927518,0.1200192
20.49997,2.586151,1.321754,3.90778,0.006248686,0.0006064605,-0.9927518,0.1200192
20.54997,2.586151,1.321754,3.90778,0.006248686,0.0006064605,-0.9927518,0.1200192
20.59997,2.586151,1.321754,3.90778,0.006248686,0.0006064605,-0.9927518,0.1200192
20.64997,2.586151,1.321754,3.90778,0.006248686,0.0006064605,-0.9927518,0.1200192
20.69997,2.586151,1.321754,3.90778,0.006248686,0.0006064605,-0.9927518,0.1200192
20.74997,2.586151,1.321754,3.90778,0.006248686,0.0006064605,-0.9927518,0.1200192
20.79997,2.586151,1.321754,3.90778,0.006248686,0.0006064605,-0.9927518,0.1200192
20.84997,2.586151,1.321754,3.90778,0.006248686,0.0006064605,-0.9927518,0.1200192
20.89997,2.586151,1.321754,3.90778,0.006248686,0.0006064605,-0.9927518,0.1200192
20.94997,2.586151,1.321754,3.90778,0.006248686,0.0006064605,-0.9927518,0.1200192
20.99997,2.586151,1.321754,3.90778,0.006248686,0.0006064605,-0.9927518,0.1200192
21.04996,2.586151,1.321754,3.90778,0.006248686,0.0006064605,-0.9927518,0.1200192
21.09996,2.586151,1.321754,3.90778,0.006248686,0.0006064605,-0.9927518,0.1200192
21.14996,2.586151,1.321754,3.90778,0.006248686,0.0006064605,-0.9927518,0.1200192
21.19996,2.586151,1.321754,3.90778,0.006248686,0.0006064605,-0.9927518,0.1200192
21.24996,2.586151,1.321754,3.90778,0.006248686,0.0006064605,-0.9927518,0.1200192
21.29996,2.586151,1.321754,3.90778,0.006248686,0.0006064605,-0.9927518,0.1200192
21.34996,2.586151,1.321754,3.90778,0.006248686,0.0006064605,-0.9927518,0.1200192
21.39996,2.586151,1.321754,3.90778,0.006248686,0.0006064605,-0.9927518,0.1200192
21.44996,2.586151,1.321754,3.90778,0.006248686,0.0006064605,-0.9927518,0.1200192
21.49996,2.586151,1.321754,3.90778,0.006248686,0.0006064605,-0.9927518,0.1200192
21.54996,2.586151,1.321754,3.90778,0.006248686,0.0006064605,-0.9927518,0.1200192
21.59996,2.586151,1.321754,3.90778,0.006248686,0.0006064605,-0.9927518,0.1200192
21.64996,2.586151,1.321754,3.90778,0.006248686,0.0006064605,-0.9927518,0.1200192
21.69995,2.586151,1.321754,3.90778,0.006248686,0.0006064605,-0.9927518,0.1200192
21.74995,2.586151,1.321754,3.90778,0.006248686,0.0006064605,-0.9927518,0.1200192
21.79995,2.586151,1.321754,3.90778,0.006248686,0.0006064605,-0.9927518,0.1200192
21.84995,2.586151,1.321754,3.90778,0.006248686,0.0006064605,-0.9927518,0.1200192
21.89995,2.586151,1.321754,3.90778,0.006248686,0.0006064605,-0.9927518,0.1200192
21.94995,2.586151,1.321754,3.90778,0.006248686,0.0006064605,-0.9927518,0.1200192
21.99995,2.586151,1.321754,3.90778,0.006248686,0.0006064605,-0.9927518,0.1200192
22.04995,2.586151,1.321754,3.90778,0.006248686,0.0006064605,-0.9927518,0.1200192
22.09995,2.586151,1.321754,3.90778,0.006248686,0.0006064605,-0.9927518,0.1200192
22.14995,2.586151,1.321754,3.90778,0.006248686,0.0006064605,-0.9927518,0.1200192
22.19995,2.586151,1.321754,3.90778,0.006248686,0.0006064605,-0.9927518,0.1200192
22.24995,2.586151,1.321754,3.90778,0.006248686,0.0006064605,-0.9927518,0.1200192
22.29995,2.586151,1.321754,3.90778,0.006248686,0.0006064605,-0.9927518,0.1200192
22.34995,2.586151,1.321754,3.90778,0.006248686,0.0006064605,-0.9927518,0.1200192
22.39994,2.586151,1.321754,3.90778,0.006248686,0.0006064605,-0.9927518,0.1200192
22.44994,2.586151,1.321754,3.90778,0.006248686,0.0006064605,-0.9927518,0.1200192
22.49994,2.586151,1.321754,3.90778,0.006248686,0.0006064605,-0.9927518,0.1200192
22.54994,2.586151,1.321754,3.90778,0.006248686,0.0006064605,-0.9927518,0.1200192
22.59994,2.586151,1.321754,3.90778,0.006248686,0.0006064605,-0.9927518,0.1200192
22.64994,2.586151,1.321754,3.90778,0.006248686,0.0006064605,-0.9927518,0.1200192
22.69994,2.586151,1.321754,3.90778,0.006248686,0.0006064605,-0.9927518,0.1200192
22.74994,2.586151,1.321754,3.90778,0.006248686,0.0006064605,-0.9927518,0.1200192
22.79994,2.586151,1.321754,3.90778,0.006248686,0.0006064605,-0.9927518,0.1200192
22.84994,2.586151,1.321754,3.90778,0.006248686,0.0006064605,-0.9927518,0.1200192
22.89994,2.586151,1.321754,3.90778,0.006248686,0.0006064605,-0.9927518,0.1200192
22.94994,2.586151,1.321754,3.90778,0.006248686,0.0006064605,-0.9927518,0.1200192
22.99994,2.586151,1.321754,3.90778,0.006248686,0.0006064605,-0.9927518,0.1200192
23.04993,2.586151,1.321754,3.90778,0.006248686,0.0006064605,-0.9927518,0.1200192
23.09993,2.569214,1.326252,3.906848,0.006181298,0.0005967056,-0.9927514,0.1200251
23.14993,2.551774,1.330534,3.905782,0.006006557,0.0005714102,-0.9927507,0.1200405
23.19993,2.53384,1.334604,3.904584,0.005726266,0.0005308356,-0.9927493,0.1200652
23.24993,2.515424,1.338465,3.903257,0.005342324,0.0004752567,-0.9927474,0.1200991
23.29993,2.496529,1.342122,3.9018,0.004856349,0.0004049076,-0.9927447,0.1201419
23.34993,2.477167,1.345577,3.900217,0.004270199,0.0003200573,-0.9927412,0.1201935
23.39993,2.457347,1.348835,3.898508,0.003585649,0.000220963,-0.9927367,0.1202537
23.44993,2.437078,1.351899,3.896675,0.002804471,0.0001078812,-0.9927309,0.1203224
23.49993,2.41637,1.354771,3.89472,0.001928429,-1.89328E-05,-0.9927237,0.1203993
23.54993,2.395231,1.357457,3.892643,0.000959285,-0.0001592236,-0.9927148,0.1204842
23.59993,2.373671,1.359959,3.890449,-0.0001012041,-0.0003127372,-0.9927039,0.1205771
23.64993,2.351698,1.362282,3.888136,-0.001251284,-0.0004792192,-0.9926908,0.1206776
23.69992,2.329322,1.364427,3.885708,-0.002489204,-0.0006584162,-0.9926752,0.1207856
23.74992,2.306552,1.3664,3.883166,-0.003813211,-0.0008500744,-0.9926569,0.1209009
23.79992,2.283397,1.368204,3.880511,-0.005221557,-0.001053941,-0.9926354,0.1210233
23.84992,2.259866,1.369841,3.877745,-0.006712494,-0.001269762,-0.9926104,0.1211527
23.89992,2.235968,1.371317,3.87487,-0.008284271,-0.001497284,-0.9925816,0.1212887
23.94992,2.211713,1.372634,3.871887,-0.009935127,-0.001736252,-0.9925486,0.1214313
23.99992,2.187109,1.373796,3.868798,-0.01166332,-0.001986415,-0.9925111,0.1215801
24.04992,2.162165,1.374806,3.865605,-0.01346708,-0.002247515,-0.9924687,0.1217351
24.09992,2.136891,1.375669,3.862308,-0.01534466,-0.0025193,-0.9924211,0.121896
24.14992,2.111295,1.376387,3.858911,-0.01729429,-0.002801513,-0.9923677,0.1220626
24.19992,2.085387,1.376964,3.855413,-0.0193142,-0.003093898,-0.9923084,0.1222347
24.24992,2.059176,1.377404,3.851818,-0.02140262,-0.003396199,-0.9922428,0.1224122
24.29992,2.032671,1.37771,3.848125,-0.02355776,-0.003708156,-0.9921702,0.1225947
24.34991,2.005881,1.377886,3.844339,-0.02577785,-0.004029513,-0.9920907,0.1227821
24.39991,1.978815,1.377935,3.840458,-0.02806108,-0.004360008,-0.9920035,0.1229742
24.44991,1.951482,1.377861,3.836487,-0.03040567,-0.004699383,-0.9919084,0.1231708
24.49991,1.923892,1.377668,3.832425,-0.03280981,-0.005047375,-0.9918051,0.1233717
24.54991,1.896003,1.377358,3.828267,-0.03527613,-0.005404367,-0.991693,0.1235771
24.59991,1.867924,1.376936,3.82403,-0.03779401,-0.005768819,-0.9915721,0.1237859
24.64991,1.839615,1.376406,3.819708,-0.04036597,-0.006141099,-0.991442,0.1239985
24.69991,1.811084,1.37577,3.815302,-0.04299017,-0.006520938,-0.9913022,0.1242145
24.74991,1.782341,1.375033,3.810814,-0.04566478,-0.006908069,-0.9911525,0.1244337
24.79991,1.753395,1.374197,3.806246,-0.04838793,-0.007302226,-0.9909925,0.124656
24.84991,1.724256,1.373267,3.801599,-0.05115778,-0.007703139,-0.990822,0.1248812
24.89991,1.694931,1.372246,3.796875,-0.05397245,-0.008110536,-0.9906406,0.1251091
24.94991,1.66543,1.371137,3.792075,-0.05683006,-0.008524148,-0.9904482,0.1253394
24.9999,1.635763,1.369944,3.787202,-0.05972872,-0.008943697,-0.9902445,0.125572
25.0499,1.605938,1.368671,3.782256,-0.06266655,-0.009368915,-0.9900292,0.1258067
25.0999,1.575964,1.367321,3.77724,-0.06564166,-0.009799524,-0.9898021,0.1260432
25.1499,1.545852,1.365899,3.772154,-0.06865212,-0.01023525,-0.9895631,0.1262815
25.1999,1.515608,1.364406,3.767001,-0.07169603,-0.01067581,-0.989312,0.1265212
25.2499,1.485244,1.362847,3.761782,-0.07477146,-0.01112093,-0.9890485,0.1267622
25.2999,1.454768,1.361226,3.756499,-0.07787649,-0.01157033,-0.9887726,0.1270044
25.3499,1.424188,1.359546,3.751153,-0.08100919,-0.01202374,-0.9884842,0.1272475
25.3999,1.393515,1.35781,3.745747,-0.08416761,-0.01248086,-0.9881832,0.1274913
25.4499,1.362756,1.356022,3.74028,-0.0873498,-0.01294142,-0.9878695,0.1277357
25.4999,1.331922,1.354186,3.734756,-0.09055385,-0.01340514,-0.9875431,0.1279805
25.5499,1.301021,1.352306,3.729177,-0.09377778,-0.01387174,-0.9872038,0.1282255
25.5999,1.270063,1.350384,3.723542,-0.09701963,-0.01434092,-0.986852,0.1284706
25.64989,1.239057,1.348424,3.717854,-0.1002774,-0.01481242,-0.9864874,0.1287155
25.69989,1.20801,1.346431,3.712115,-0.1035493,-0.01528594,-0.9861102,0.1289602
25.74989,1.176934,1.344407,3.706327,-0.1068331,-0.01576119,-0.9857203,0.1292044
25.79989,1.145837,1.342356,3.70049,-0.1101271,-0.01623791,-0.985318,0.129448
25.84989,1.114727,1.340281,3.694607,-0.1134292,-0.01671579,-0.9849034,0.1296907
25.89989,1.083615,1.338187,3.688678,-0.1167374,-0.01719456,-0.9844767,0.1299326
25.94989,1.052508,1.336076,3.682707,-0.1200498,-0.01767394,-0.9840379,0.1301734
25.99989,1.021417,1.333953,3.676694,-0.1233645,-0.01815363,-0.9835874,0.130413
26.04989,0.9903502,1.33182,3.67064,-0.1266793,-0.01863335,-0.9831253,0.1306511
26.09989,0.9593168,1.329682,3.664549,-0.1299926,-0.01911284,-0.982652,0.1308878
26.14989,0.9283259,1.327542,3.65842,-0.1333022,-0.01959179,-0.9821678,0.1311228
26.19989,0.8973866,1.325404,3.652256,-0.1366061,-0.02006993,-0.9816728,0.131356
26.24989,0.8665079,1.32327,3.646059,-0.1399026,-0.02054697,-0.9811677,0.1315873
26.29988,0.8356991,1.321145,3.639829,-0.1431896,-0.02102264,-0.9806525,0.1318165
26.34988,0.8049691,1.319032,3.63357,-0.1464652,-0.02149666,-0.9801277,0.1320436
26.39988,0.7743272,1.316935,3.627281,-0.1497274,-0.02196874,-0.9795939,0.1322684
26.44988,0.7437823,1.314857,3.620965,-0.1529744,-0.02243861,-0.9790513,0.1324907
26.49988,0.7133437,1.312803,3.614624,-0.1562042,-0.02290599,-0.9785007,0.1327106
26.54988,0.6830203,1.310774,3.608259,-0.159415,-0.02337062,-0.9779422,0.1329278
26.59988,0.6528214,1.308775,3.601871,-0.1626047,-0.0238322,-0.9773765,0.1331423
26.64988,0.6227558,1.306811,3.595463,-0.1657717,-0.02429047,-0.9768042,0.1333539
26.69988,0.5928329,1.304883,3.589035,-0.1689139,-0.02474517,-0.9762258,0.1335627
26.74988,0.5630616,1.302995,3.58259,-0.1720295,-0.02519601,-0.9756418,0.1337683
26.79988,0.5334511,1.301152,3.576129,-0.1751167,-0.02564274,-0.9750531,0.1339709
26.84988,0.5040104,1.299357,3.569654,-0.1781736,-0.02608507,-0.9744599,0.1341702
26.89988,0.4747487,1.297613,3.563166,-0.1811983,-0.02652276,-0.9738631,0.1343663
26.94987,0.4456751,1.295924,3.556668,-0.1841892,-0.02695553,-0.9732634,0.134559
26.99987,0.4167986,1.294294,3.550159,-0.1871442,-0.02738312,-0.9726614,0.1347482
27.04987,0.3881283,1.292725,3.543643,-0.1900617,-0.02780528,-0.9720577,0.1349339
27.09987,0.3596734,1.291222,3.53712,-0.1929398,-0.02822174,-0.9714533,0.135116
27.14987,0.3314427,1.289788,3.530593,-0.1957769,-0.02863225,-0.9708486,0.1352944
27.19987,0.3034456,1.288427,3.524063,-0.198571,-0.02903655,-0.9702446,0.1354691
27.24987,0.2756914,1.287142,3.517532,-0.2013205,-0.02943438,-0.9696419,0.13564
27.29987,0.2481886,1.285936,3.511001,-0.2040237,-0.02982552,-0.9690414,0.1358071
27.34987,0.2209467,1.284815,3.504471,-0.2066787,-0.03020968,-0.9684438,0.1359702
27.39987,0.1939749,1.28378,3.497945,-0.2092839,-0.03058662,-0.96785,0.1361293
27.44987,0.1672819,1.282835,3.491424,-0.2118375,-0.03095612,-0.9672606,0.1362845
27.49987,0.140877,1.281985,3.48491,-0.214338,-0.0313179,-0.9666767,0.1364355
27.54987,0.1147696,1.281232,3.478404,-0.2167835,-0.03167174,-0.9660989,0.1365825
27.59986,0.08896822,1.28058,3.471908,-0.2191724,-0.03201739,-0.9655281,0.1367252
27.64986,0.06348228,1.280033,3.465423,-0.221503,-0.03235461,-0.9649652,0.1368638
27.69986,0.03832106,1.279594,3.458952,-0.2237738,-0.03268316,-0.964411,0.1369981
27.74986,0.01349324,1.279268,3.452495,-0.225983,-0.03300279,-0.9638664,0.137128
27.79986,-0.01099186,1.279056,3.446055,-0.228129,-0.03331329,-0.9633322,0.1372537
27.84986,-0.03512503,1.278963,3.439632,-0.2302101,-0.0336144,-0.9628092,0.1373749
27.89986,-0.05889745,1.278993,3.433229,-0.2322248,-0.03390589,-0.9622983,0.1374917
27.94986,-0.0822999,1.279149,3.426847,-0.2341714,-0.03418754,-0.9618005,0.1376041
27.99986,-0.1053231,1.279435,3.420488,-0.2360483,-0.0344591,-0.9613164,0.1377119
28.04986,-0.1279583,1.279854,3.414154,-0.2378539,-0.03472034,-0.960847,0.1378152
28.09986,-0.1501962,1.280409,3.407845,-0.2395867,-0.03497103,-0.9603932,0.1379139
28.14986,-0.1720275,1.281105,3.401564,-0.2412448,-0.03521093,-0.9599557,0.138008
28.19986,-0.1934436,1.281945,3.395312,-0.2428269,-0.03543983,-0.9595354,0.1380974
28.24986,-0.2144351,1.282932,3.389091,-0.2443313,-0.03565748,-0.9591331,0.1381821
28.29985,-0.2349928,1.28407,3.382903,-0.2457563,-0.03586366,-0.9587498,0.1382621
28.34985,-0.2551078,1.285362,3.376748,-0.2471004,-0.03605812,-0.9583861,0.1383372
28.39985,-0.274771,1.286813,3.370629,-0.2483621,-0.03624066,-0.9580429,0.1384075
28.44985,-0.2939731,1.288425,3.364548,-0.2495395,-0.03641101,-0.957721,0.138473
28.49985,-0.3127053,1.290203,3.358505,-0.2506312,-0.03656895,-0.9574211,0.1385335
28.54985,-0.3309584,1.292149,3.352503,-0.2516356,-0.03671426,-0.957144,0.138589
28.59985,-0.3487231,1.294268,3.346543,-0.252551,-0.0368467,-0.9568905,0.1386395
28.64985,-0.3659905,1.296562,3.340627,-0.2533757,-0.03696602,-0.9566612,0.1386848
28.69985,-0.3827516,1.299036,3.334756,-0.2541083,-0.037072,-0.956457,0.138725
28.74985,-0.3989969,1.301693,3.328932,-0.2547469,-0.03716439,-0.9562785,0.1387601
28.79985,-0.4147178,1.304536,3.323156,-0.2552899,-0.03724295,-0.9561262,0.1387898
28.84985,-0.4299049,1.30757,3.317431,-0.2557356,-0.03730744,-0.9560011,0.1388142
28.89985,-0.4445491,1.310797,3.311758,-0.2560825,-0.03735762,-0.9559035,0.1388331
28.94984,-0.4586415,1.314222,3.306138,-0.2563287,-0.03739324,-0.9558342,0.1388465
28.99984,-0.4721729,1.317847,3.300572,-0.2564726,-0.03741406,-0.9557937,0.1388544
29.04984,-0.483575,1.321196,3.295737,-0.2565131,-0.03741992,-0.9557822,0.1388566
29.09984,-0.4835892,1.3212,3.295731,-0.2565131,-0.03741993,-0.9557822,0.1388566
29.14984,-0.4835892,1.3212,3.295731,-0.2565131,-0.03741993,-0.9557822,0.1388566
29.19984,-0.4835892,1.3212,3.295731,-0.2565131,-0.03741993,-0.9557822,0.1388566
29.24984,-0.4835892,1.3212,3.295731,-0.2565131,-0.03741993,-0.9557822,0.1388566
29.29984,-0.4835892,1.3212,3.295731,-0.2565131,-0.03741993,-0.9557822,0.1388566
29.34984,-0.4835892,1.3212,3.295731,-0.2565131,-0.03741993,-0.9557822,0.1388566
29.39984,-0.4835892,1.3212,3.295731,-0.2565131,-0.03741993,-0.9557822,0.1388566
29.44984,-0.4835892,1.3212,3.295731,-0.2565131,-0.03741993,-0.9557822,0.1388566
29.49984,-0.4835892,1.3212,3.295731,-0.2565131,-0.03741993,-0.9557822,0.1388566
29.54984,-0.4835892,1.3212,3.295731,-0.2565131,-0.03741993,-0.9557822,0.1388566
29.59983,-0.4835892,1.3212,3.295731,-0.2565131,-0.03741993,-0.9557822,0.1388566
29.64983,-0.4835892,1.3212,3.295731,-0.2565131,-0.03741993,-0.9557822,0.1388566
29.69983,-0.4835892,1.3212,3.295731,-0.2565131,-0.03741993,-0.9557822,0.1388566
29.74983,-0.4835892,1.3212,3.295731,-0.2565131,-0.03741993,-0.9557822,0.1388566
29.79983,-0.4835892,1.3212,3.295731,-0.2565131,-0.03741993,-0.9557822,0.1388566
29.84983,-0.4835892,1.3212,3.295731,-0.2565131,-0.03741993,-0.9557822,0.1388566
29.89983,-0.4835892,1.3212,3.295731,-0.2565131,-0.03741993,-0.9557822,0.1388566
29.94983,-0.4835892,1.3212,3.295731,-0.2565131,-0.03741993,-0.9557822,0.1388566
29.99983,-0.4835892,1.3212,3.295731,-0.2565131,-0.03741993,-0.9557822,0.1388566
30.04983,-0.4847381,1.321551,3.295236,-0.2565132,-0.03741994,-0.9557822,0.1388566
30.09983,-0.4962676,1.32494,3.290209,-0.2565247,-0.03742189,-0.955779,0.138857
30.14983,-0.5077624,1.328095,3.2851,-0.2565537,-0.03742683,-0.9557709,0.1388579
30.19983,-0.5195982,1.331133,3.279749,-0.2566001,-0.03743472,-0.9557579,0.1388595
30.24982,-0.5317703,1.334056,3.274158,-0.2566637,-0.03744552,-0.9557401,0.1388616
30.29982,-0.5442701,1.336865,3.268331,-0.256744,-0.03745917,-0.9557176,0.1388642
30.34982,-0.5570988,1.339562,3.262269,-0.256841,-0.03747566,-0.9556904,0.1388674
30.39982,-0.5702479,1.342149,3.255977,-0.2569543,-0.03749492,-0.9556586,0.1388711
30.44982,-0.5837123,1.344627,3.249456,-0.2570837,-0.03751691,-0.9556224,0.1388753
30.49982,-0.5974864,1.346998,3.242711,-0.2572289,-0.0375416,-0.9555816,0.1388801
30.54982,-0.6115652,1.349262,3.235744,-0.2573898,-0.03756894,-0.9555365,0.1388853
30.59982,-0.6259432,1.351423,3.228559,-0.2575659,-0.03759887,-0.955487,0.1388911
30.64982,-0.6406152,1.35348,3.221158,-0.257757,-0.03763137,-0.9554332,0.1388973
30.69982,-0.655576,1.355436,3.213545,-0.257963,-0.03766638,-0.9553753,0.138904
30.74982,-0.6708202,1.357293,3.205723,-0.2581835,-0.03770387,-0.9553132,0.1389112
30.79982,-0.6863425,1.359051,3.197694,-0.2584183,-0.03774379,-0.955247,0.1389189
30.84982,-0.7021378,1.360713,3.189462,-0.2586672,-0.03778609,-0.9551768,0.138927
30.89981,-0.7182007,1.36228,3.18103,-0.2589298,-0.03783073,-0.9551027,0.1389355
30.94981,-0.7345259,1.363753,3.172401,-0.2592058,-0.03787766,-0.9550246,0.1389445
30.99981,-0.751108,1.365134,3.163578,-0.2594952,-0.03792685,-0.9549428,0.1389539
31.04981,-0.767942,1.366425,3.154564,-0.2597975,-0.03797825,-0.9548571,0.1389637
31.09981,-0.7850223,1.367627,3.145363,-0.2601126,-0.03803182,-0.9547676,0.1389739
31.14981,-0.8023439,1.368742,3.135976,-0.2604401,-0.0380875,-0.9546747,0.1389844
31.19981,-0.8199013,1.369771,3.126408,-0.2607799,-0.03814526,-0.9545779,0.1389954
31.24981,-0.8376895,1.370716,3.116661,-0.2611316,-0.03820506,-0.9544777,0.1390067
31.29981,-0.8557028,1.371578,3.106739,-0.261495,-0.03826685,-0.9543741,0.1390184
31.34981,-0.8739363,1.372359,3.096644,-0.2618698,-0.03833057,-0.954267,0.1390304
31.39981,-0.8923845,1.37306,3.08638,-0.2622559,-0.03839621,-0.9541565,0.1390428
31.44981,-0.9110423,1.373683,3.07595,-0.2626528,-0.0384637,-0.9540427,0.1390555
31.49981,-0.9299042,1.37423,3.065356,-0.2630605,-0.03853301,-0.9539258,0.1390685
31.5498,-0.948965,1.374702,3.054602,-0.2634784,-0.03860408,-0.9538056,0.1390818
31.5998,-0.9682195,1.3751,3.043691,-0.2639066,-0.03867688,-0.9536822,0.1390954
31.6498,-0.9876623,1.375427,3.032626,-0.2643447,-0.03875136,-0.9535558,0.1391093
31.6998,-1.007288,1.375683,3.02141,-0.2647923,-0.03882749,-0.9534265,0.1391235
31.7498,-1.027092,1.375871,3.010046,-0.2652494,-0.0389052,-0.9532942,0.139138
31.7998,-1.04711,1.375991,2.998514,-0.2657165,-0.03898463,-0.9531587,0.1391527
31.8498,-1.067254,1.376046,2.986863,-0.2661915,-0.03906541,-0.9530207,0.1391676
31.8998,-1.087559,1.376036,2.975073,-0.2666751,-0.03914765,-0.9528798,0.1391828
31.9498,-1.108022,1.375964,2.963149,-0.267167,-0.0392313,-0.9527363,0.1391982
31.9998,-1.128635,1.375831,2.951091,-0.267667,-0.03931633,-0.9525902,0.1392138
32.0498,-1.149395,1.375638,2.938904,-0.2681749,-0.03940269,-0.9524415,0.1392297
32.0998,-1.170296,1.375387,2.92659,-0.2686902,-0.03949034,-0.9522902,0.1392457
32.1498,-1.191332,1.37508,2.914154,-0.2692129,-0.03957923,-0.9521365,0.1392619
32.19979,-1.212498,1.374718,2.901597,-0.2697426,-0.03966932,-0.9519805,0.1392783
32.24979,-1.233789,1.374303,2.888922,-0.270279,-0.03976056,-0.951822,0.1392949
32.29979,-1.255201,1.373836,2.876134,-0.2708221,-0.03985291,-0.9516614,0.1393116
32.34979,-1.276726,1.373319,2.863235,-0.2713713,-0.03994633,-0.9514986,0.1393285
32.39979,-1.29836,1.372753,2.850228,-0.2719266,-0.04004078,-0.9513336,0.1393455
32.44979,-1.320098,1.37214,2.837115,-0.2724876,-0.0401362,-0.9511665,0.1393626
32.49979,-1.341935,1.371481,2.823901,-0.2730541,-0.04023256,-0.9509974,0.1393799
32.54979,-1.363865,1.370779,2.810589,-0.2736258,-0.04032981,-0.9508263,0.1393973
32.59979,-1.385883,1.370034,2.79718,-0.2742025,-0.0404279,-0.9506536,0.1394148
32.64979,-1.407984,1.369248,2.783679,-0.2747839,-0.0405268,-0.9504789,0.1394323
32.69979,-1.430162,1.368423,2.770088,-0.2753698,-0.04062647,-0.9503024,0.13945
32.74979,-1.452412,1.367559,2.756411,-0.2759598,-0.04072684,-0.9501244,0.1394677
32.79979,-1.474729,1.36666,2.742651,-0.2765538,-0.04082789,-0.9499447,0.1394855
32.84978,-1.497108,1.365726,2.72881,-0.2771515,-0.04092957,-0.9497635,0.1395034
32.89978,-1.519542,1.364758,2.714892,-0.2777526,-0.04103184,-0.9495808,0.1395213
32.94978,-1.542028,1.363759,2.7009,-0.2783568,-0.04113464,-0.9493967,0.1395392
32.99978,-1.56456,1.36273,2.686836,-0.278964,-0.04123794,-0.9492114,0.1395572
33.04978,-1.587132,1.361672,2.672705,-0.2795738,-0.0413417,-0.9490248,0.1395752
33.09978,-1.609739,1.360587,2.658509,-0.2801861,-0.04144587,-0.9488371,0.1395932
33.14978,-1.632376,1.359477,2.64425,-0.2808004,-0.0415504,-0.9486482,0.1396112
33.19978,-1.655037,1.358343,2.629933,-0.2814167,-0.04165526,-0.9484583,0.1396292
33.24978,-1.677718,1.357187,2.61556,-0.2820345,-0.04176039,-0.9482675,0.1396472
33.29978,-1.700413,1.356009,2.601135,-0.2826538,-0.04186577,-0.9480758,0.1396652
33.34978,-1.723117,1.354813,2.586659,-0.2832741,-0.04197133,-0.9478833,0.1396832
33.39978,-1.745824,1.353598,2.572138,-0.2838953,-0.04207704,-0.9476901,0.1397012
33.44978,-1.768529,1.352368,2.557573,-0.2845172,-0.04218286,-0.9474962,0.1397191
33.49977,-1.791227,1.351122,2.542967,-0.2851394,-0.04228875,-0.9473018,0.1397369
33.54977,-1.813912,1.349864,2.528324,-0.2857616,-0.04239465,-0.947107,0.1397547
33.59977,-1.83658,1.348594,2.513647,-0.2863837,-0.04250052,-0.9469117,0.1397724
33.64977,-1.859225,1.347314,2.498938,-0.2870054,-0.04260633,-0.9467161,0.1397901
33.69977,-1.881842,1.346026,2.484202,-0.2876264,-0.04271203,-0.9465202,0.1398077
33.74977,-1.904425,1.344731,2.46944,-0.2882465,-0.04281757,-0.9463242,0.1398252
33.79977,-1.92697,1.34343,2.454656,-0.2888655,-0.04292291,-0.9461281,0.1398426
33.84977,-1.94947,1.342126,2.439854,-0.289483,-0.04302802,-0.945932,0.1398599
33.89977,-1.97192,1.340819,2.425035,-0.2900988,-0.04313283,-0.9457361,0.1398772
33.94977,-1.994317,1.339512,2.410205,-0.2907126,-0.04323732,-0.9455402,0.1398942
33.99977,-2.016653,1.338205,2.395364,-0.2913243,-0.04334145,-0.9453447,0.1399112
34.04977,-2.038924,1.336901,2.380516,-0.2919335,-0.04344516,-0.9451495,0.1399281
34.09977,-2.061124,1.3356,2.365665,-0.29254,-0.04354841,-0.9449546,0.1399448
34.14977,-2.083249,1.334305,2.350814,-0.2931436,-0.04365116,-0.9447604,0.1399614
34.19976,-2.105293,1.333017,2.335965,-0.293744,-0.04375337,-0.9445667,0.1399779
34.24976,-2.12725,1.331738,2.321121,-0.2943409,-0.04385499,-0.9443737,0.1399942
34.29976,-2.149116,1.330469,2.306287,-0.2949341,-0.04395599,-0.9441816,0.1400104
34.34976,-2.170885,1.329211,2.291464,-0.2955234,-0.04405631,-0.9439902,0.1400263
34.39976,-2.192551,1.327967,2.276656,-0.2961084,-0.04415591,-0.9437999,0.1400422
34.44976,-2.21411,1.326737,2.261866,-0.296689,-0.04425476,-0.9436105,0.1400578
34.49976,-2.235556,1.325523,2.247097,-0.2972649,-0.04435282,-0.9434224,0.1400733
34.54976,-2.256885,1.324328,2.232352,-0.2978358,-0.04445003,-0.9432355,0.1400886
34.59976,-2.27809,1.323152,2.217635,-0.2984015,-0.04454635,-0.9430499,0.1401037
34.64976,-2.299165,1.321996,2.202947,-0.2989618,-0.04464175,-0.9428657,0.1401186
34.69976,-2.320108,1.320863,2.188293,-0.2995163,-0.04473618,-0.942683,0.1401334
34.74976,-2.340911,1.319755,2.173675,-0.3000649,-0.04482959,-0.942502,0.1401479
34.79976,-2.36157,1.318671,2.159097,-0.3006072,-0.04492195,-0.9423226,0.1401622
34.84975,-2.382078,1.317615,2.144561,-0.3011431,-0.0450132,-0.942145,0.1401763
34.89975,-2.402432,1.316588,2.130071,-0.3016723,-0.04510332,-0.9419694,0.1401901
34.94975,-2.422626,1.31559,2.115629,-0.3021945,-0.04519226,-0.9417956,0.1402038
34.99975,-2.442653,1.314625,2.101239,-0.3027095,-0.04527997,-0.941624,0.1402172
35.04975,-2.462511,1.313692,2.086904,-0.303217,-0.04536641,-0.9414546,0.1402304
35.09975,-2.482191,1.312795,2.072627,-0.3037169,-0.04545153,-0.9412874,0.1402433
35.14975,-2.501691,1.311934,2.05841,-0.3042088,-0.04553531,-0.9411227,0.140256
35.19975,-2.521003,1.31111,2.044258,-0.3046925,-0.04561769,-0.9409603,0.1402685
35.24975,-2.540124,1.310327,2.030173,-0.3051677,-0.04569864,-0.9408005,0.1402807
35.29975,-2.559047,1.309584,2.016158,-0.3056343,-0.04577811,-0.9406435,0.1402927
35.34975,-2.577768,1.308884,2.002216,-0.3060919,-0.04585605,-0.9404891,0.1403043
35.39975,-2.59628,1.308228,1.98835,-0.3065403,-0.04593242,-0.9403376,0.1403158
35.44975,-2.61458,1.307617,1.974564,-0.3069792,-0.04600719,-0.9401891,0.1403269
35.49974,-2.632661,1.307054,1.96086,-0.3074085,-0.04608032,-0.9400436,0.1403378
35.54974,-2.650519,1.30654,1.947242,-0.3078278,-0.04615175,-0.9399012,0.1403484
35.59974,-2.668147,1.306075,1.933712,-0.308237,-0.04622144,-0.9397622,0.1403587
35.64974,-2.685541,1.305663,1.920274,-0.3086357,-0.04628937,-0.9396265,0.1403687
35.69974,-2.702696,1.305304,1.906931,-0.3090238,-0.04635547,-0.9394943,0.1403785
35.74974,-2.719606,1.305,1.893685,-0.3094009,-0.04641972,-0.9393655,0.1403879
35.79974,-2.736265,1.304753,1.880541,-0.3097668,-0.04648206,-0.9392405,0.140397
35.84974,-2.75267,1.304563,1.8675,-0.3101214,-0.04654245,-0.9391192,0.1404059
35.89974,-2.768813,1.304433,1.854566,-0.3104642,-0.04660087,-0.9390016,0.1404144
35.94974,-2.78469,1.304364,1.841742,-0.3107952,-0.04665725,-0.9388882,0.1404226
35.99974,-2.800297,1.304358,1.829032,-0.311114,-0.04671156,-0.9387786,0.1404305
36.04974,-2.815626,1.304416,1.816437,-0.3114204,-0.04676377,-0.9386734,0.1404381
36.09974,-2.830674,1.30454,1.803962,-0.3117141,-0.0468138,-0.9385723,0.1404453
36.14973,-2.845435,1.304731,1.79161,-0.3119949,-0.04686165,-0.9384755,0.1404523
36.19973,-2.859903,1.304991,1.779382,-0.3122627,-0.04690726,-0.9383832,0.1404589
36.24973,-2.874074,1.305322,1.767284,-0.312517,-0.04695059,-0.9382954,0.1404651
36.29973,-2.887942,1.305724,1.755316,-0.3127576,-0.04699159,-0.9382123,0.140471
36.34973,-2.901501,1.3062,1.743484,-0.3129844,-0.04703024,-0.938134,0.1404765
36.39973,-2.914747,1.30675,1.731789,-0.313197,-0.04706647,-0.9380604,0.1404817
36.44973,-2.927674,1.307378,1.720235,-0.3133953,-0.04710024,-0.9379917,0.1404866
36.49973,-2.940277,1.308083,1.708825,-0.3135789,-0.04713153,-0.9379281,0.1404911
36.54973,-2.95255,1.308869,1.697561,-0.3137476,-0.04716028,-0.9378696,0.1404952
36.59973,-2.964489,1.309735,1.686448,-0.3139013,-0.04718646,-0.9378163,0.1404989
36.64973,-2.976088,1.310684,1.675488,-0.3140395,-0.04721001,-0.9377683,0.1405023
36.69973,-2.987342,1.311718,1.664684,-0.3141622,-0.0472309,-0.9377258,0.1405052
36.74973,-2.998245,1.312837,1.654039,-0.3142689,-0.04724909,-0.9376887,0.1405078
36.79972,-3.008792,1.314044,1.643556,-0.3143595,-0.04726453,-0.9376572,0.14051
36.84972,-3.018979,1.315339,1.633239,-0.3144338,-0.04727719,-0.9376315,0.1405118
36.89972,-3.028799,1.316725,1.62309,-0.3144915,-0.04728701,-0.9376114,0.1405132
36.94972,-3.038247,1.318204,1.613113,-0.3145322,-0.04729395,-0.9375972,0.1405142
36.99972,-3.047318,1.319775,1.60331,-0.3145558,-0.04729798,-0.937589,0.1405148
37.04972,-3.054787,1.321198,1.595051,-0.3145623,-0.04729908,-0.9375868,0.1405149
37.09972,-3.054798,1.3212,1.595039,-0.3145623,-0.04729908,-0.9375868,0.1405149
37.14972,-3.054798,1.3212,1.595039,-0.3145623,-0.04729908,-0.9375868,0.1405149
37.19972,-3.054798,1.3212,1.595039,-0.3145623,-0.04729908,-0.9375868,0.1405149
37.24972,-3.054798,1.3212,1.595039,-0.3145623,-0.04729908,-0.9375868,0.1405149
37.29972,-3.054798,1.3212,1.595039,-0.3145623,-0.04729908,-0.9375868,0.1405149
37.34972,-3.054798,1.3212,1.595039,-0.3145623,-0.04729908,-0.9375868,0.1405149
37.39972,-3.054798,1.3212,1.595039,-0.3145623,-0.04729908,-0.9375868,0.1405149
37.44971,-3.054798,1.3212,1.595039,-0.3145623,-0.04729908,-0.9375868,0.1405149
37.49971,-3.054798,1.3212,1.595039,-0.3145623,-0.04729908,-0.9375868,0.1405149
37.54971,-3.054798,1.3212,1.595039,-0.3145623,-0.04729908,-0.9375868,0.1405149
37.59971,-3.054798,1.3212,1.595039,-0.3145623,-0.04729908,-0.9375868,0.1405149
37.64971,-3.054798,1.3212,1.595039,-0.3145623,-0.04729908,-0.9375868,0.1405149
37.69971,-3.054798,1.3212,1.595039,-0.3145623,-0.04729908,-0.9375868,0.1405149
37.74971,-3.054798,1.3212,1.595039,-0.3145623,-0.04729908,-0.9375868,0.1405149
37.79971,-3.054798,1.3212,1.595039,-0.3145623,-0.04729908,-0.9375868,0.1405149
37.84971,-3.054798,1.3212,1.595039,-0.3145623,-0.04729908,-0.9375868,0.1405149
37.89971,-3.054798,1.3212,1.595039,-0.3145623,-0.04729908,-0.9375868,0.1405149
37.94971,-3.054798,1.3212,1.595039,-0.3145623,-0.04729908,-0.9375868,0.1405149
37.99971,-3.054798,1.3212,1.595039,-0.3145623,-0.04729908,-0.9375868,0.1405149
38.04971,-3.054798,1.3212,1.595039,-0.3145623,-0.04729908,-0.9375868,0.1405149
38.0997,-3.054798,1.3212,1.595039,-0.3145623,-0.04729908,-0.9375868,0.1405149
38.1497,-3.054798,1.3212,1.595039,-0.3145623,-0.04729908,-0.9375868,0.1405149
38.1997,-3.054798,1.3212,1.595039,-0.3145623,-0.04729908,-0.9375868,0.1405149
38.2497,-3.054798,1.3212,1.595039,-0.3145623,-0.04729908,-0.9375868,0.1405149
38.2997,-3.054798,1.3212,1.595039,-0.3145623,-0.04729908,-0.9375868,0.1405149
38.3497,-3.054798,1.3212,1.595039,-0.3145623,-0.04729908,-0.9375868,0.1405149
38.3997,-3.054798,1.3212,1.595039,-0.3145623,-0.04729908,-0.9375868,0.1405149
38.4497,-3.054798,1.3212,1.595039,-0.3145623,-0.04729908,-0.9375868,0.1405149
38.4997,-3.054798,1.3212,1.595039,-0.3145623,-0.04729908,-0.9375868,0.1405149
38.5497,-3.054798,1.3212,1.595039,-0.3145623,-0.04729908,-0.9375868,0.1405149
38.5997,-3.054798,1.3212,1.595039,-0.3145623,-0.04729908,-0.9375868,0.1405149
38.6497,-3.054798,1.3212,1.595039,-0.3145623,-0.04729908,-0.9375868,0.1405149
38.6997,-3.054798,1.3212,1.595039,-0.3145623,-0.04729908,-0.9375868,0.1405149
38.74969,-3.054798,1.3212,1.595039,-0.3145623,-0.04729908,-0.9375868,0.1405149
38.79969,-3.054798,1.3212,1.595039,-0.3145623,-0.04729908,-0.9375868,0.1405149
38.84969,-3.054798,1.3212,1.595039,-0.3145623,-0.04729908,-0.9375868,0.1405149
38.89969,-3.054798,1.3212,1.595039,-0.3145623,-0.04729908,-0.9375868,0.1405149
38.94969,-3.054798,1.3212,1.595039,-0.3145623,-0.04729908,-0.9375868,0.1405149
38.99969,-3.054798,1.3212,1.595039,-0.3145623,-0.04729908,-0.9375868,0.1405149
39.04969,-3.054798,1.3212,1.595039,-0.3145623,-0.04729908,-0.9375868,0.1405149
39.09969,-3.054798,1.3212,1.595039,-0.3145623,-0.04729908,-0.9375868,0.1405149
39.14969,-3.054798,1.3212,1.595039,-0.3145623,-0.04729908,-0.9375868,0.1405149
39.19969,-3.054798,1.3212,1.595039,-0.3145623,-0.04729908,-0.9375868,0.1405149
39.24969,-3.054798,1.3212,1.595039,-0.3145623,-0.04729908,-0.9375868,0.1405149
39.29969,-3.054798,1.3212,1.595039,-0.3145623,-0.04729908,-0.9375868,0.1405149
39.34969,-3.054798,1.3212,1.595039,-0.3145623,-0.04729908,-0.9375868,0.1405149
39.39968,-3.054798,1.3212,1.595039,-0.3145623,-0.04729908,-0.9375868,0.1405149
39.44968,-3.054798,1.3212,1.595039,-0.3145623,-0.04729908,-0.9375868,0.1405149
39.49968,-3.054798,1.3212,1.595039,-0.3145623,-0.04729908,-0.9375868,0.1405149
39.54968,-3.054798,1.3212,1.595039,-0.3145623,-0.04729908,-0.9375868,0.1405149
39.59968,-3.054798,1.3212,1.595039,-0.3145623,-0.04729908,-0.9375868,0.1405149
39.64968,-3.054798,1.3212,1.595039,-0.3145623,-0.04729908,-0.9375868,0.1405149
39.69968,-3.054798,1.3212,1.595039,-0.3145623,-0.04729908,-0.9375868,0.1405149
39.74968,-3.054798,1.3212,1.595039,-0.3145623,-0.04729908,-0.9375868,0.1405149
39.79968,-3.054798,1.3212,1.595039,-0.3145623,-0.04729908,-0.9375868,0.1405149
39.84968,-3.054798,1.3212,1.595039,-0.3145623,-0.04729908,-0.9375868,0.1405149
39.89968,-3.054798,1.3212,1.595039,-0.3145623,-0.04729908,-0.9375868,0.1405149
39.94968,-3.054798,1.3212,1.595039,-0.3145623,-0.04729908,-0.9375868,0.1405149
39.99968,-3.054798,1.3212,1.595039,-0.3145623,-0.04729908,-0.9375868,0.1405149
40.04967,-3.054798,1.3212,1.595039,-0.3145623,-0.04729908,-0.9375868,0.1405149
40.09967,-3.054798,1.3212,1.595039,-0.3145623,-0.04729908,-0.9375868,0.1405149
40.14967,-3.054798,1.3212,1.595039,-0.3145623,-0.04729908,-0.9375868,0.1405149
40.19967,-3.054798,1.3212,1.595039,-0.3145623,-0.04729908,-0.9375868,0.1405149
40.24967,-3.054798,1.3212,1.595039,-0.3145623,-0.04729908,-0.9375868,0.1405149
40.29967,-3.054798,1.3212,1.595039,-0.3145623,-0.04729908,-0.9375868,0.1405149
40.34967,-3.054798,1.3212,1.595039,-0.3145623,-0.04729908,-0.9375868,0.1405149
40.39967,-3.054798,1.3212,1.595039,-0.3145623,-0.04729908,-0.9375868,0.1405149
40.44967,-3.054798,1.3212,1.595039,-0.3145623,-0.04729908,-0.9375868,0.1405149
40.49967,-3.054798,1.3212,1.595039,-0.3145623,-0.04729908,-0.9375868,0.1405149
40.54967,-3.054798,1.3212,1.595039,-0.3145623,-0.04729908,-0.9375868,0.1405149
40.59967,-3.054798,1.3212,1.595039,-0.3145623,-0.04729908,-0.9375868,0.1405149
40.64967,-3.054798,1.3212,1.595039,-0.3145623,-0.04729908,-0.9375868,0.1405149
40.69967,-3.054798,1.3212,1.595039,-0.3145623,-0.04729908,-0.9375868,0.1405149
40.74966,-3.054798,1.3212,1.595039,-0.3145623,-0.04729908,-0.9375868,0.1405149
40.79966,-3.054798,1.3212,1.595039,-0.3145623,-0.04729908,-0.9375868,0.1405149
40.84966,-3.054798,1.3212,1.595039,-0.3145623,-0.04729908,-0.9375868,0.1405149
40.89966,-3.054798,1.3212,1.595039,-0.3145623,-0.04729908,-0.9375868,0.1405149
40.94966,-3.054798,1.3212,1.595039,-0.3145623,-0.04729908,-0.9375868,0.1405149
40.99966,-3.054798,1.3212,1.595039,-0.3145623,-0.04729908,-0.9375868,0.1405149
41.04966,-3.054798,1.3212,1.595039,-0.3145623,-0.04729908,-0.9375868,0.1405149
41.09966,-3.054798,1.3212,1.595039,-0.3145623,-0.04729908,-0.9375868,0.1405149
41.14966,-3.054798,1.3212,1.595039,-0.3145623,-0.04729908,-0.9375868,0.1405149
41.19966,-3.054798,1.3212,1.595039,-0.3145623,-0.04729908,-0.9375868,0.1405149
41.24966,-3.054798,1.3212,1.595039,-0.3145623,-0.04729908,-0.9375868,0.1405149
41.29966,-3.054798,1.3212,1.595039,-0.3145623,-0.04729908,-0.9375868,0.1405149
41.34966,-3.054798,1.3212,1.595039,-0.3145623,-0.04729908,-0.9375868,0.1405149
41.39965,-3.054798,1.3212,1.595039,-0.3145623,-0.04729908,-0.9375868,0.1405149
41.44965,-3.054798,1.3212,1.595039,-0.3145623,-0.04729908,-0.9375868,0.1405149
41.49965,-3.054798,1.3212,1.595039,-0.3145623,-0.04729908,-0.9375868,0.1405149
41.54965,-3.054798,1.3212,1.595039,-0.3145623,-0.04729908,-0.9375868,0.1405149
41.59965,-3.054798,1.3212,1.595039,-0.3145623,-0.04729908,-0.9375868,0.1405149
41.64965,-3.054798,1.3212,1.595039,-0.3145623,-0.04729908,-0.9375868,0.1405149
41.69965,-3.054798,1.3212,1.595039,-0.3145623,-0.04729908,-0.9375868,0.1405149
41.74965,-3.054798,1.3212,1.595039,-0.3145623,-0.04729908,-0.9375868,0.1405149
41.79965,-3.054798,1.3212,1.595039,-0.3145623,-0.04729908,-0.9375868,0.1405149
41.84965,-3.054798,1.3212,1.595039,-0.3145623,-0.04729908,-0.9375868,0.1405149
41.89965,-3.054798,1.3212,1.595039,-0.3145623,-0.04729908,-0.9375868,0.1405149
41.94965,-3.054798,1.3212,1.595039,-0.3145623,-0.04729908,-0.9375868,0.1405149
41.99965,-3.054798,1.3212,1.595039,-0.3145623,-0.04729908,-0.9375868,0.1405149
42.04964,-3.054798,1.3212,1.595039,-0.3145623,-0.04729908,-0.9375868,0.1405149
42.09964,-3.054798,1.3212,1.595039,-0.3145623,-0.04729908,-0.9375868,0.1405149
42.14964,-3.054798,1.3212,1.595039,-0.3145623,-0.04729908,-0.9375868,0.1405149
42.19964,-3.054798,1.3212,1.595039,-0.3145623,-0.04729908,-0.9375868,0.1405149
42.24964,-3.054798,1.3212,1.595039,-0.3145623,-0.04729908,-0.9375868,0.1405149
42.29964,-3.054798,1.3212,1.595039,-0.3145623,-0.04729908,-0.9375868,0.1405149
42.34964,-3.054798,1.3212,1.595039,-0.3145623,-0.04729908,-0.9375868,0.1405149
42.39964,-3.054798,1.3212,1.595039,-0.3145623,-0.04729908,-0.9375868,0.1405149
42.44964,-3.054798,1.3212,1.595039,-0.3145623,-0.04729908,-0.9375868,0.1405149
42.49964,-3.054798,1.3212,1.595039,-0.3145623,-0.04729908,-0.9375868,0.1405149
42.54964,-3.054798,1.3212,1.595039,-0.3145623,-0.04729908,-0.9375868,0.1405149
42.59964,-3.054798,1.3212,1.595039,-0.3145623,-0.04729908,-0.9375868,0.1405149
42.64964,-3.054798,1.3212,1.595039,-0.3145623,-0.04729908,-0.9375868,0.1405149
42.69963,-3.054798,1.3212,1.595039,-0.3145623,-0.04729908,-0.9375868,0.1405149
42.74963,-3.054798,1.3212,1.595039,-0.3145623,-0.04729908,-0.9375868,0.1405149
42.79963,-3.054798,1.3212,1.595039,-0.3145623,-0.04729908,-0.9375868,0.1405149
42.84963,-3.054798,1.3212,1.595039,-0.3145623,-0.04729908,-0.9375868,0.1405149
42.89963,-3.054798,1.3212,1.595039,-0.3145623,-0.04729908,-0.9375868,0.1405149
42.94963,-3.054798,1.3212,1.595039,-0.3145623,-0.04729908,-0.9375868,0.1405149
42.99963,-3.054798,1.3212,1.595039,-0.3145623,-0.04729908,-0.9375868,0.1405149
